1.74343
0.881333
-1.4281
2.94428
-1.40717
2.73867
-3.22005
3.56551
0.547841
3.55342
6.35506
2.54804
4.95112
1.51272
6.26459
0.026145
2.41733
-2.88905
0.740605
-1.64881
0.456098
1.64098
6.0256
-1.71721
5.78152
-1.01119
2.84972
4.17495
2.42666
-0.0982134
2.32849
-0.0185533
-0.824692
2.39997
2.35629
5.22295
5.06298
0.581151
2.4008
5.17168
1.46194
-0.220485
4.30543
6.3079
1.80992
-3.68791
5.21686
1.77568
3.85675
0.483179
5.79105
5.16057
1.70978
-3.74045
2.33366
-1.1548
-1.72399
1.81946
2.58354
-3.39473
4.76088
5.04914
-1.18434
-3.15932
1.2529
6.49678
-2.65753
-2.14365
-0.279148
-2.64557
0.91556
1.81519
-3.07533
4.96247
5.22683
4.29058
-1.16423
4.79496
5.93623
3.16109
1.42762
5.99099
-0.364314
6.97905
6.89836
3.77086
-2.13619
4.08658
2.10312
-3.92592
-1.91921
-1.14598
3.53773
6.57813
0.578514
2.07991
2.04667
4.41024
-3.09057
1.78462
0.0565362
-3.7926
5.84317
1.08468
6.21211
-2.07811
1.17983
-0.583292
0.607212
0.401289
4.47069
0.948644
-3.13728
-2.22253
4.89154
1.16047
3.99972
5.25284
1.57076
2.79138
2.63463
-2.76276
0.3349
-0.335366
-1.5038
6.65137
-0.388269
0.36338
5.32477
0.490627
-1.02479
5.36411
1.58043
0.300743
-2.40413
-0.213706
-2.76075
1.12482
-1.16964
1.91649
5.37019
4.85706
4.6076
2.86783
0.568147
3.84611
-2.46578
-2.29262
3.91925
5.77462
3.97203
1.90817
-2.42397
-3.6171
-3.58795
2.35447
-3.45878
6.34059
1.28094
4.82997
0.238088
0.544816
-3.27648
1.27702
4.9288
0.315269
-0.2658
1.69403
6.49835
1.77728
-2.21815
1.59342
-1.44098
6.50268
-2.49952
2.64307
-3.83795
2.52497
2.09749
0.462825
4.69824
-2.65282
-0.00406647
0.653843
3.14601
1.06431
4.83469
2.60529
-0.877162
0.540299
-2.19379
3.95063
5.20486
-1.85981
-3.89108
0.670643
-0.499675
-2.03382
-2.49686
3.30298
-0.759036
5.88801
6.77399
3.39482
2.82364
5.82838
5.52666
5.54773
-3.26355
-1.45783
-1.78356
1.73649
5.27088
-3.3001
0.148045
5.18466
-0.342629
-2.56212
6.50888
2.75116
-2.27377
1.76442
1.62959
1.58463
4.9478
0.638805
3.39747
3.3328
5.35796
-2.82441
-1.83596
1.03869
3.29467
2.57129
-0.346092
5.2367
5.17046
2.99239
4.08768
-1.43496
-2.30749
6.94392
-0.462429
-3.04802
1.94216
-3.04156
0.536254
6.83096
3.9355
3.9166
5.32193
-3.38087
6.70724
3.57908
-2.47095
-1.33096
-3.52643
2.31161
2.17764
5.55431
-2.66339
-1.55638
2.88308
3.94125
1.62114
2.45898
4.10348
0.106568
1.09251
5.88032
-1.52709
0.237052
5.12974
0.599642
5.18179
6.28689
0.846692
-0.649075
6.00196
-3.01347
-0.319761
-3.22164
-1.17587
-3.84436
4.86478
2.36615
5.93547
1.41554
1.00965
-0.744808
3.00849
-0.244998
-0.675982
4.77862
6.19667
2.39711
-1.73095
5.98431
-2.73836
3.38023
-0.492579
-3.77955
5.15536
2.13311
5.2502
1.06978
-2.28122
-2.40674
-0.0896785
2.77442
3.72448
-0.697022
3.14759
5.51066
0.646887
-3.7599
5.37773
-0.573676
-2.76266
2.0128
-3.94897
6.72123
-3.34684
6.57976
6.02334
4.22005
1.29728
4.33166
-3.82593
6.59082
4.97675
3.25642
-2.29893
-3.12081
-0.450732
6.54682
2.33063
2.85156
2.16436
2.42566
5.06963
2.27061
6.12621
6.25388
6.96801
-2.72782
4.46094
2.07415
4.15971
-0.741119
-0.979371
-1.29064
3.27156
-0.863541
-1.52367
2.66351
-1.32595
3.74317
5.50243
5.39021
0.232885
1.09212
-0.727268
0.801441
-2.17953
1.66556
1.13858
-0.928373
-2.16533
-1.62555
6.41578
-0.0386791
1.92057
-3.01904
5.00366
4.55923
3.9941
-1.17685
1.73336
-3.4276
2.31725
-2.0199
0.536564
1.03708
-1.73322
0.843742
4.76563
-3.01624
-2.98514
2.79892
-2.6247
-0.323913
3.99203
-2.95594
-1.49341
5.19544
4.80825
-1.71637
-1.95921
-2.47501
-3.5223
5.70011
5.7604
-3.97076
3.36109
-3.08993
1.62051
2.99112
4.73338
4.92087
-0.962735
3.30707
1.93369
-2.50167
-0.575444
0.505279
3.21715
-2.34377
2.21605
2.22892
-1.61073
2.40812
-3.68475
3.42336
-1.59231
4.12177
-0.430007
2.86548
5.19141
3.088
5.03272
-2.11487
-0.554673
-2.38996
6.86492
2.64684
4.36231
5.36248
-3.7554
3.95585
4.90498
-3.97339
3.29116
-1.45576
0.0534739
-0.262486
2.39404
1.59582
5.92037
0.635297
-0.559239
-2.13753
3.4838
2.2879
-0.253367
1.65759
-0.845108
0.276754
1.40925
5.26799
3.03955
4.79179
-3.32761
-0.116761
-1.40199
1.83331
4.50847
-2.14679
1.87128
4.63478
-2.21313
-2.07371
-1.76713
2.78428
4.36537
1.8217
-3.72382
6.79905
6.59794
3.61869
3.3699
1.92962
6.20541
6.29061
-2.80301
5.79004
-0.855733
-2.30072
-0.233305
-2.16672
-3.0671
0.301193
5.14468
-1.41322
0.0186963
-1.77019
6.4777
6.71527
6.5491
-3.36326
5.7664
-2.11979
4.74446
4.11654
-0.305663
2.71801
1.5374
3.15059
1.0432
2.07821
6.39073
-2.93953
-0.753574
-1.32742
1.12744
-1.09497
2.86268
2.07845
-0.406005
-0.728883
6.66319
0.147036
-0.768965
4.00148
1.83244
0.878755
-0.761101
4.17658
-3.17707
-0.0185158
-0.196321
3.43745
4.15201
1.78339
1.41171
2.59526
6.56599
5.54094
3.49107
3.33744
6.30373
-2.27101
4.18659
0.0722675
-3.40192
4.8745
0.769653
2.56285
0.850233
3.85698
4.24118
4.55386
1.67934
1.66092
0.169477
2.40408
5.35266
-3.89517
-2.06676
4.94077
3.56482
-0.040915
-2.65869
0.375119
4.6209
6.45413
6.63883
-2.20406
-3.68379
-2.50827
-1.57024
0.9424
1.90775
1.47722
3.61062
-0.328182
-1.74389
-2.58826
-3.96186
-0.973658
6.73491
6.58473
1.56987
-1.23384
0.889735
-3.21681
3.09728
6.99967
1.49006
-0.496684
4.22986
1.21682
5.14398
-2.08428
-3.4448
-0.695699
3.38577
4.63801
-2.8996
-0.553096
2.1151
-0.526398
-0.167227
-2.58951
-2.93168
-0.692453
2.94672
6.59426
-3.31071
-2.0985
-0.514057
-1.76189
2.89341
1.54815
-3.30632
5.66432
-1.69921
0.395318
3.10828
4.8117
1.31849
-2.06187
-0.840549
-0.116349
5.53016
-1.62314
2.87776
2.53836
-3.81032
4.9824
-0.820675
3.91834
1.58997
6.53931
-2.73751
6.71793
-3.81622
4.76937
4.81349
-1.67266
6.56765
0.536476
-0.449261
-1.73225
6.05898
-1.77417
5.49386
4.38099
0.320627
1.7826
-0.900827
-1.2093
6.24701
1.54629
-1.58826
6.04588
-1.88279
6.02857
4.18971
-2.52333
-1.6832
5.41686
-2.8196
1.92143
0.410946
1.77362
2.20611
0.054585
-3.59136
0.01754
0.789214
1.32194
0.917807
6.58385
-2.25501
-2.00597
3.66512
2.613
-3.3247
4.69183
-0.456951
1.0216
2.0334
1.37009
-3.92824
2.99659
-2.28464
6.05195
1.18051
-0.121606
5.1718
3.37322
2.7543
6.43677
0.715263
1.42973
-2.44606
-0.970369
-3.99295
4.51132
1.76999
-3.78311
0.35221
4.58792
2.14924
1.25302
-2.54089
0.33824
0.801208
4.90303
-3.78506
0.428185
5.49999
-2.60941
3.66749
-1.4846
-0.699519
5.1804
5.06005
6.33979
-1.18931
1.27589
-3.03934
4.83271
2.31883
2.51994
5.69918
1.13307
5.55615
6.16719
1.88321
-3.95909
1.57894
-2.74518
-1.23913
-0.098979
0.463022
-2.99005
-2.70085
6.87681
4.53987
-2.46301
0.206085
1.66995
-2.1475
1.03837
-2.03017
3.94329
2.94964
0.52914
-2.74039
2.29287
6.24805
-2.9801
-0.561726
0.0689273
6.4621
-2.40392
3.3877
4.06246
3.7367
6.65102
4.68676
2.28625
5.04879
4.0323
2.93983
0.655222
4.31259
5.73024
6.21394
6.72534
-0.159017
3.4021
4.02219
-2.00351
1.079
-1.2634
-1.04707
4.93286
2.5995
0.729668
1.5248
0.365168
2.38484
1.03497
6.78907
3.89631
5.27959
0.0707355
3.85095
1.91137
-3.57446
-1.97195
3.45473
-2.32253
-3.76088
-0.160778
6.79779
-3.5506
3.10297
3.57858
0.204739
1.0522
-0.726038
-0.51766
3.69028
-3.47233
-1.39922
4.31687
0.602015
1.07919
1.99097
3.25907
-1.75085
1.41465
-2.93214
2.57158
4.55157
-3.73086
-1.57496
-1.34155
5.49718
5.03426
1.74289
2.69509
1.43538
4.41933
6.70724
3.52992
-3.6598
4.71201
-2.30791
0.000588894
1.89499
-3.93292
1.38733
-0.217107
6.077
4.1647
6.1669
-2.83436
6.95605
5.31404
-3.9544
3.39103
5.12061
1.00335
3.29365
-3.62976
3.56238
2.9246
-2.22493
-2.42331
-3.63769
2.35506
6.41524
1.8864
5.64601
-1.56949
2.49889
3.8989
4.81086
-1.91478
-3.62952
-3.34765
3.99423
1.04918
3.63183
4.12738
5.79832
6.36714
-3.55895
5.79614
2.72161
-3.91744
-2.33805
-0.670848
3.05532
5.77941
-3.38302
3.60856
-1.97108
-3.95008
-0.921404
4.95874
-2.45466
-2.43311
-3.25695
-0.615414
-0.261414
-1.58972
3.53182
6.32722
-3.43022
2.35915
-1.84228
4.81397
6.43521
-3.3615
2.2265
1.86926
3.60992
-1.01172
4.98984
3.29573
-1.60075
5.18534
0.0463119
0.358727
4.12934
5.88178
1.14288
5.39132
-2.99785
-1.80051
2.75687
5.67567
2.00414
4.55685
-3.03942
3.5454
3.58882
-3.71027
3.54953
6.97956
4.4923
1.12758
1.17798
1.33019
-3.51266
2.68261
0.597741
6.228
0.938566
3.47984
1.62225
-0.787332
3.3191
6.18051
5.79433
5.32441
5.41646
1.39323
-0.0161319
6.87464
1.12351
-1.13199
-3.29306
-2.52934
-3.68449
-3.28126
-2.18189
6.01317
-1.6435
1.63946
2.43748
5.7729
-2.92926
6.84873
5.68618
2.58923
4.23006
4.6816
3.71202
-1.07451
5.72051
-3.44309
5.93131
-2.42812
3.58375
-0.958454
-1.73171
4.14432
4.57719
-2.245
1.34909
6.09415
6.40051
-3.54651
5.72252
-2.68942
0.945545
-0.216083
1.29381
1.0418
0.512514
3.82375
6.8322
2.80425
-1.0436
-2.77702
2.6018
6.43171
3.80481
-3.60134
-2.64484
2.24366
4.13908
4.42819
1.65028
-2.8208
3.80089
-3.48477
-1.50303
-2.3653
3.41078
6.90008
-0.339725
2.24888
3.96755
3.66588
4.5154
4.37361
-2.7305
3.43619
4.96662
-2.01224
-2.76947
-2.45444
1.14462
1.66444
4.29036
6.14259
6.55965
-1.90366
-3.79101
-0.571276
4.55952
-2.20121
0.186672
5.39671
-0.525111
-0.548033
-0.785822
6.6969
5.87542
4.12329
3.15949
-3.47398
3.88873
-1.04951
-3.03671
5.00767
5.92178
2.31041
4.03756
3.20874
-0.686522
3.62283
6.91948
6.6916
4.79347
2.79345
4.54596
0.926484
-1.58062
2.52626
1.82791
1.68156
5.98966
-0.749279
4.86048
-3.93297
0.580834
-2.9231
0.45976
-2.81409
6.56862
5.85941
-0.897563
-1.33731
-0.0904293
1.15749
-2.00148
2.18504
-2.02334
-2.21661
5.44781
0.379078
5.17334
-3.70601
-1.85367
0.396163
6.32054
5.33193
-0.219087
5.8106
3.69316
0.942227
-0.987205
-0.956002
6.46875
-0.636029
5.25329
-1.93441
-3.62426
-2.99583
-0.967722
-3.5134
1.30191
5.20838
2.3011
1.66322
5.79886
4.48726
4.34634
0.967331
2.93089
4.47369
-3.66551
-3.25026
1.86194
1.63621
2.79147
4.26397
2.56321
6.78451
4.201
0.176289
6.88854
3.6422
2.49333
-1.67368
0.465862
0.738715
-0.419056
-0.0680234
3.73015
6.55982
0.950743
-0.855073
-2.22059
4.60103
2.53455
-1.89473
3.32096
4.29897
-3.28008
6.66841
0.0405984
3.33697
-1.51954
6.16135
2.83971
1.02445
5.86926
-0.385028
-0.169849
-2.64472
4.12507
0.0341177
4.41402
5.39009
-1.77353
5.27553
-2.2413
-2.49828
1.41489
0.974802
-3.5015
3.23962
1.3323
-1.10451
-3.47782
5.26368
-3.34135
-0.132727
5.25813
2.43947
6.1111
5.26995
2.99664
-1.50466
3.10792
-1.19308
3.95054
3.75468
0.845732
5.22075
1.09445
5.39507
4.92374
3.37098
-1.93473
2.01344
6.96786
5.75654
-2.86184
-3.90017
1.78916
-0.647007
-3.24959
2.11133
2.10675
2.21344
2.20409
-0.792756
0.150159
-3.27899
2.95437
3.16339
-3.82996
4.87445
-0.16296
3.1254
6.65322
-2.26869
-0.901129
4.72034
5.70174
0.104669
2.17187
-3.40548
0.0945973
-2.10831
-0.3903
-0.775634
1.916
-2.70505
2.16725
-3.96384
-1.33829
5.33258
-0.242346
-0.100786
3.09251
3.8877
3.64458
-1.47152
-0.904532
2.53191
-2.12074
-0.302987
3.69498
-1.39327
5.35206
-2.9875
-3.99071
-1.79036
-2.5398
-3.37657
1.90176
-0.0688281
1.20256
-3.64008
6.10873
-1.63805
5.32193
-3.25105
-0.34393
-2.43984
4.61743
3.21197
-1.43145
1.6877
-0.814439
-1.27691
3.02237
1.97608
5.96186
4.99441
3.10331
-1.71942
1.77028
1.13255
-3.20997
-3.02087
-3.74805
6.4944
1.3155
2.54419
6.26236
6.50327
-3.45875
6.86453
-3.79029
0.583866
4.02982
5.18029
3.16521
4.7259
0.206134
2.49245
5.68481
1.62411
-2.6532
4.58334
2.24636
5.63604
6.86817
2.26934
6.86326
-3.21277
4.98248
0.541012
-1.21651
6.09316
0.699818
5.83583
-1.23012
-2.66458
0.404864
-1.44275
-1.25978
4.94361
-3.7672
3.71841
-3.63446
1.68847
1.17337
0.761752
1.76532
5.65946
4.46298
3.23141
6.3146
4.52617
-1.59931
-3.54949
-0.196893
4.81266
6.42706
2.66981
5.52462
4.30713
1.96719
-0.410595
-0.870227
-3.9102
-1.73808
-3.90738
1.6458
-0.969763
6.19684
5.3438
1.29859
4.43296
4.70551
-1.49275
5.39275
-1.10519
-3.84782
1.66428
1.60306
6.66997
4.1382
0.693793
3.58651
1.50771
-0.91513
0.415278
-2.42372
0.570494
-0.715949
4.04937
3.79811
4.84417
-2.9789
-2.38359
3.95123
4.23832
0.373812
4.66561
-1.10833
-1.70471
6.9568
6.9834
2.9432
2.30903
2.78876
2.73834
2.30031
-0.616857
-2.51849
2.66356
-0.626211
5.27374
0.66308
4.3812
3.88605
-2.20495
3.43778
-1.26195
1.35352
3.688
2.29232
-2.94938
-1.21566
-1.60229
1.31364
4.39621
3.0447
3.26039
-1.56983
-3.21
-3.4199
-0.20218
3.95704
3.03852
-1.59341
-3.37175
5.93352
1.62366
0.937282
3.89241
5.73044
-1.41391
-0.58788
0.506157
6.98444
-1.55822
4.94111
-1.80721
0.177152
-0.604685
4.06094
0.139624
6.6619
0.563482
2.45043
3.39953
4.95728
5.92419
-1.1862
-1.41897
2.38561
3.03276
0.669947
-1.20835
0.200535
-3.61715
6.47987
-0.848402
-0.0974927
3.44068
3.44083
6.0392
6.84794
3.32612
3.08722
2.87557
-1.23665
-2.32997
3.11375
-2.12091
-3.21008
6.24665
6.52101
-2.32215
2.68769
-1.94255
2.58104
-1.48115
2.33207
5.09495
-1.14851
5.02998
6.94403
1.36741
6.14454
6.24452
3.65254
0.180198
6.58352
3.20199
6.88173
-0.781907
6.49166
-0.589533
5.72395
-0.618207
-3.19866
0.0711527
-0.13469
5.25938
1.42874
2.83284
6.49296
-0.808661
-3.16473
-1.69488
-3.83637
-3.84669
-1.31059
-2.0562
6.4033
-0.797459
-1.89601
3.69152
6.31231
-0.99603
4.72752
5.47172
6.15417
3.06233
2.5402
5.17616
-0.213735
-3.24922
-2.67469
6.47978
-2.27285
6.23584
0.738405
5.36492
4.20539
-3.03773
-1.0763
-2.36444
6.85393
5.04813
3.99091
0.21754
-3.7997
-3.54163
-0.0916934
1.90763
-0.536945
-1.42839
-1.89148
2.89276
1.56658
-1.42222
2.81209
-1.17317
-2.42109
0.74494
5.20551
-2.03011
4.86558
4.7572
-1.67288
2.96711
-2.81757
3.05545
-3.10139
6.8931
3.39528
-0.522959
2.6314
-2.02877
5.51174
-3.18208
3.73048
1.14664
2.54312
-0.773851
-1.11716
3.82962
6.45491
-2.33067
2.50477
3.64179
6.57022
-0.29108
5.82072
-2.20553
4.6087
-0.51778
1.67422
3.65652
1.18099
-3.03982
-3.17281
5.63071
5.39192
-3.93426
0.853596
5.39404
-1.30029
5.95297
-1.45966
0.562612
-1.18522
3.94804
5.75814
1.99688
3.63808
-0.731607
4.88333
6.14217
-0.49801
3.94975
1.44154
-2.08724
1.72016
5.78374
3.29266
1.77233
2.56203
-1.90773
4.71074
-1.5991
-0.0544009
1.68546
5.52624
-1.51432
5.79716
-2.11987
3.39775
-2.98528
0.419731
6.41386
0.680561
1.18653
1.93496
-3.21022
3.82029
3.64978
-2.10655
-3.86081
3.42744
0.978256
-0.441246
0.977087
1.90603
5.62112
-1.81809
4.4027
2.16695
1.96054
-2.14542
2.8798
3.76355
6.96104
1.14828
-2.81612
5.54635
6.46829
2.51574
1.08011
6.33773
-2.76601
0.747861
-0.707058
-0.525227
-2.48411
-2.47231
-2.19209
-0.535569
-0.303132
1.25493
-3.32409
4.01394
2.28492
4.56938
-1.35276
4.21907
6.93405
-1.37657
-0.0770745
5.60935
-1.64065
5.54987
-0.288664
2.42759
4.53058
6.39915
6.47355
2.96975
-2.39295
0.713839
-0.50115
6.17069
5.74582
4.03242
4.8103
-0.208025
4.71778
6.73582
-0.0146179
-0.686002
1.36312
0.0328331
4.8253
-1.20545
4.92501
2.69127
3.17776
6.56356
-2.23011
-1.51323
2.21415
3.20858
-3.42487
4.12921
3.68451
-1.48575
1.9303
6.60167
0.199281
-2.69157
-2.24147
5.69828
-2.94698
6.12597
2.18664
2.88411
-0.724084
-0.674215
1.46514
-1.42608
3.92455
6.88911
2.23599
-3.67137
-2.75718
6.09843
1.26858
6.10136
6.58683
3.78716
-3.20631
3.60868
0.113074
0.431369
4.02029
-0.969779
5.9279
6.17925
6.6773
6.37982
0.692164
-1.80623
5.75156
1.38768
5.81049
1.87761
0.937672
-0.554243
4.84504
0.657787
3.43089
3.89027
2.70744
-0.125193
-0.119141
2.60384
-3.20397
-1.20812
4.20476
-2.67553
3.34207
-3.76411
0.669719
5.9671
4.97191
-1.04798
0.626651
-2.87814
-2.97787
3.91285
-2.77468
-2.13192
-1.20298
2.4484
2.2916
6.88506
0.237241
-2.69448
3.87178
-0.0461783
-3.12122
3.60352
1.39059
-0.280714
4.03248
5.8965
6.52698
-1.08637
4.41168
-0.848039
6.00259
-3.45572
2.63029
1.33558
-0.982506
1.02784
-3.0687
6.36525
-2.27694
3.54983
0.987507
1.02372
4.61675
2.68305
-3.03717
-2.68956
-1.36132
3.23164
-0.90854
1.16351
0.172684
1.28983
0.149304
4.35576
5.265
-3.11626
-0.936554
3.33955
-2.21675
3.06165
2.21747
3.93347
2.83122
1.34162
1.58672
-3.97136
4.305
-0.862373
-3.90237
-2.10474
4.6428
0.481315
-3.54306
-2.28877
2.66113
2.53103
4.98869
5.92822
0.674897
4.98598
4.41465
4.9802
6.21682
0.0163579
2.92901
5.89921
-2.9034
1.55043
2.07056
-1.05616
6.19997
2.82861
1.43655
2.06439
5.28771
4.51642
-0.459859
-3.85216
5.7732
2.25628
-3.63282
-3.87307
6.24174
0.949625
2.34553
0.251564
-3.9636
2.85731
-0.232258
4.4368
3.35519
-3.38302
3.62311
0.557668
3.72022
4.70919
5.37303
-2.40953
-2.97717
4.75255
-2.8034
-0.66732
-3.65936
1.12686
0.0917974
5.83934
2.74432
3.87038
-1.51932
-1.25386
5.40819
5.48622
-3.02432
4.3204
4.89586
-3.32871
3.31998
-1.04015
0.148074
5.68166
3.70153
-1.35734
4.16821
-0.930964
-1.70856
-2.76132
2.57571
-3.05571
4.75077
0.171232
-1.10465
5.12517
0.790691
4.1498
-2.28458
-3.96197
-2.84741
-3.38464
-1.66348
6.84853
2.29802
4.77614
-2.4036
-2.29891
-2.74933
5.99038
0.353434
3.15914
1.64848
0.0621409
2.39837
-2.61658
4.07451
-2.67548
4.17999
-0.933894
4.04233
6.42617
-1.36935
0.379387
-0.635603
1.41504
3.53323
-3.06163
4.10824
3.14312
-3.56013
-3.15773
6.05463
2.17686
3.50375
-3.50357
1.50159
6.2843
1.17966
-3.44957
6.99691
-0.95828
1.19828
1.47222
-3.43592
5.43949
3.55083
6.72057
-3.31833
1.753
-3.36485
1.02881
2.1523
-2.23121
2.11429
-3.05889
6.15867
1.80393
5.71172
2.80501
0.807236
-3.78119
-0.503999
2.27913
6.3465
1.63094
2.23863
-3.32216
3.40309
-1.31421
2.9935
0.706804
2.25148
3.64414
2.07402
2.11456
1.33024
-2.73975
2.09149
-1.33185
3.59772
2.9654
1.45116
5.65446
-2.46562
0.273551
2.58153
6.6925
-2.15351
-1.10789
5.66572
-0.251978
3.00634
-3.50562
0.125487
0.0697732
-1.32365
-1.60463
6.01826
6.97341
0.0605168
-2.89373
-0.928321
-1.29384
4.50178
6.33522
-0.970539
4.15075
2.74324
-3.43719
6.18205
-1.31322
-2.31881
3.84019
-2.85632
0.801433
-2.31168
2.65001
2.74271
-1.23585
0.0598707
-2.75141
4.06743
-0.669423
5.00076
-0.308587
-2.42892
1.21379
-1.85577
-1.92693
1.03365
6.58463
-0.0401025
-0.0037744
5.5633
5.4059
0.0161057
-1.31351
3.89502
5.56354
-1.51308
4.60651
6.54812
2.25441
-2.15711
4.44087
5.73936
5.48154
6.28945
-0.15468
-0.701833
-0.70992
6.37548
4.70905
3.09414
-1.71422
1.10951
5.54849
-1.50035
-1.42215
3.84225
-1.38026
3.88505
3.0272
6.2259
-1.30825
4.16023
-2.99557
3.39584
-2.14577
-2.97312
6.75484
0.543254
3.48172
0.336455
3.79469
2.34023
-0.747309
4.98019
5.99427
-0.260648
0.291675
-0.817287
5.8602
1.44597
6.3569
0.425621
6.40667
0.836113
-2.44503
5.45986
4.78809
0.458461
-2.64145
4.12284
6.64047
3.35836
5.94315
-1.5321
4.02806
-2.43245
-3.20531
-1.71016
3.28087
1.63752
2.74607
0.251111
-0.586526
1.26243
1.65029
-2.54359
-1.13066
-2.94426
-3.11535
3.25025
3.94516
1.22039
-0.951453
5.92758
0.789927
2.30947
-0.756699
1.16617
0.813652
5.0473
0.947468
-0.901059
5.90029
4.1279
3.69668
5.01766
-2.22016
0.695283
6.6203
5.3276
4.02629
0.825154
0.369162
3.49601
-1.64247
-3.03948
2.52945
0.537003
-2.59275
-2.28274
4.93171
5.18137
-0.781099
-1.92978
-2.81555
4.06782
5.89443
4.63907
3.78545
1.09833
4.57153
1.71046
-3.36003
5.00985
-1.38853
-3.06336
-2.94742
-1.23611
6.74624
-0.907949
0.104419
-2.02804
6.81358
-2.16748
6.17814
-0.936749
0.0614109
1.12838
3.72761
-3.05949
-3.88606
-2.97565
-2.67224
3.66914
4.29468
1.70799
-0.775546
3.39486
3.41232
-0.162275
3.64778
-2.70664
-2.57748
1.21425
5.81838
2.58277
5.58794
1.43014
4.40731
2.64534
1.20878
1.88289
1.78615
3.7403
1.2406
-2.19341
-0.611988
2.32406
2.40782
2.30868
-2.9574
6.90506
6.33913
-1.29562
-3.42081
6.5152
-1.0657
-0.274578
-2.83386
4.24885
1.35974
-1.82182
-3.30513
3.68707
-2.49969
-0.372143
-3.61236
-1.00388
4.71306
4.42587
6.60628
0.750155
4.85965
4.20335
6.62215
3.51993
4.40552
5.57219
0.733248
6.69693
6.39092
0.254321
-1.62915
0.892914
6.20113
0.354179
4.69807
5.46884
1.81744
1.66208
-2.4476
6.12634
-2.6611
3.81861
-2.66954
4.98394
3.0611
3.85758
3.36804
3.69099
-2.61445
6.87128
-0.458578
6.6726
4.31041
1.99544
1.4039
3.40124
0.626471
5.09898
0.472223
-2.35361
1.82241
-2.748
6.34401
3.7947
2.54676
5.40338
1.64903
-1.6874
0.93398
3.40564
-2.35691
1.42122
-2.60118
-1.03227
0.661943
-3.71469
6.18063
-3.1216
-2.74106
2.04649
1.41956
2.50598
2.07845
-0.459725
-1.60426
1.18825
-2.02747
5.31672
-2.93438
-2.0818
5.15134
0.548369
1.44454
4.46467
-1.29249
5.05754
-2.86552
0.191344
6.92126
3.64234
4.75491
3.80096
-2.26418
-2.13266
-2.67046
0.568049
2.21289
4.09706
2.23314
3.35107
4.37475
5.35007
-3.40939
0.408052
-2.87037
6.76383
-2.24256
-1.78672
3.6612
2.73835
2.4025
0.872043
-3.5798
-3.74167
3.71561
4.22383
-1.07537
2.31781
-3.54078
3.08019
5.8244
4.75762
5.26805
4.09605
-3.65911
5.34605
5.98185
-0.0870726
2.57179
-2.8447
-1.84093
5.4517
-0.301809
1.49931
0.981193
4.90687
5.74262
5.25841
-3.8898
0.0738378
0.992601
-1.35653
6.78602
-3.36343
2.75161
5.34038
-1.2261
-1.04213
-0.0404196
5.6688
-3.47216
1.35187
-2.04599
1.96245
-3.06103
3.1992
3.91641
2.18446
-0.775532
3.62326
3.07959
6.66784
1.43458
2.03964
-3.69155
-0.88272
6.12742
4.48978
2.73072
6.17127
4.5353
-2.29297
-1.87332
0.0537887
5.02689
-1.10722
5.89677
0.025528
3.04503
-2.18275
2.49589
-2.58595
1.97082
5.59342
5.70164
-1.48421
5.89627
2.62443
1.77941
0.618218
-1.60847
-3.58544
0.516645
-3.74418
5.55429
-3.02161
5.82752
2.07188
-0.933936
3.33191
1.47806
6.82435
2.78961
6.01672
3.05178
1.19932
-2.96971
-1.98511
2.19957
0.189289
5.37935
4.66823
-1.00276
1.68421
6.55048
-2.0703
0.504539
1.77421
1.14684
5.96004
-3.69093
-1.38955
1.89072
1.30309
3.06049
4.71376
5.18853
-1.41195
-0.719641
-3.00727
4.78835
4.76916
1.31996
0.489467
1.46393
0.290588
2.9113
5.26616
5.28319
5.59351
-3.83577
6.1661
5.66328
2.70243
3.78797
-0.508
1.04236
-1.02602
6.74967
1.72952
-1.96097
0.990587
-2.19957
5.87332
1.92296
4.17434
3.20381
4.45369
1.12301
1.42723
-0.586803
-3.40296
-1.60367
0.0565848
-2.9781
0.112316
-1.31383
-1.61001
3.54105
-3.51869
0.396962
-2.26284
-1.54246
5.89507
4.39335
-0.95602
6.172
5.84566
-1.03371
-1.57146
2.4404
-0.271301
-2.75844
6.97313
6.42009
6.45785
3.05283
-3.04736
2.08583
2.61654
1.24153
2.3251
-2.04031
-1.41843
0.363259
3.29262
1.04625
-1.72472
0.564104
1.9034
5.45322
3.22605
4.16823
-0.469004
-3.55908
3.59843
3.8584
6.06325
4.0357
5.02675
-3.43587
6.27482
6.97357
2.74343
-0.213804
6.59855
2.80599
6.24183
2.42013
0.112078
5.69116
-1.73166
5.02631
0.22822
-0.303211
-0.0742967
-2.70203
-1.99398
-3.85349
5.38178
1.61904
0.161454
-0.44946
5.92186
3.68148
2.61651
0.682715
4.39549
1.98408
-2.4965
-1.75026
0.387756
-2.9864
3.65563
-2.87857
0.895937
2.02138
-2.62234
6.41156
6.04773
-3.77328
0.474928
-0.878776
6.40506
6.77482
6.42415
-2.35194
-2.98361
6.45229
-2.35273
5.62405
3.3569
3.42082
-0.225998
-0.349949
6.40244
6.87354
4.56611
-1.37989
-0.785523
0.714148
4.67372
3.27159
-0.459089
-1.91386
0.835354
6.79557
3.08847
1.87526
5.56188
3.60372
4.77178
1.33221
-2.5782
0.219747
0.292721
5.75611
0.862003
3.68127
-0.967678
-2.75736
3.11532
2.19372
0.821149
-0.956108
4.69418
6.09127
2.03572
-3.64127
-2.86598
3.54138
1.99486
2.6641
-2.40304
-3.86292
0.889548
4.63677
-1.77661
-2.4968
4.29483
4.15639
-1.4939
-3.03614
3.51959
-1.25972
5.83963
-3.26891
-3.53946
3.30185
2.14395
0.37269
-3.19423
-2.37098
6.94637
-3.41675
-2.38274
-3.74379
1.08672
-3.50752
1.16619
1.11884
-2.63665
-3.22299
-1.83916
2.15871
6.44138
1.20148
0.347292
-1.05682
6.04476
1.28381
-2.03097
1.51996
6.9646
6.10562
1.15504
0.827759
0.151296
4.82275
0.050055
-2.72717
4.41918
4.07589
-1.44752
6.4968
-2.3421
-2.64463
5.63776
2.78935
1.5663
4.74624
1.01088
-2.07398
4.58917
1.15306
0.503502
6.35242
2.16354
-0.444568
0.145358
4.02759
0.640462
-1.75325
5.08275
2.7804
5.21853
-3.22602
2.21773
-2.61344
1.99115
6.19147
3.09068
6.12798
3.01659
3.86563
6.61742
1.04003
3.81489
0.794377
0.100813
3.35965
5.70801
6.45291
-3.0171
4.53167
2.83508
0.123444
-1.288
3.65486
6.27533
4.48047
0.268401
4.01358
-3.80596
1.28576
-2.19475
-1.2461
3.83154
5.63667
6.45036
-1.85655
6.93151
-0.196393
2.21953
5.63603
6.74996
6.65413
1.95608
-0.205712
-0.401107
4.60042
3.26865
5.19934
4.2862
2.16902
3.738
6.58995
1.33524
4.41467
5.30915
1.88159
1.86366
-2.54729
2.63897
4.17016
-1.11731
1.43348
5.45108
0.277075
6.80443
-1.97392
3.36886
6.38809
-3.43759
-0.631033
1.2276
-0.66433
2.5995
0.813261
-1.52008
-3.01439
6.2269
4.52184
2.49214
0.379856
-3.76637
6.63565
-0.694229
6.09706
0.311809
-3.43109
-1.28056
-3.29881
-0.0331182
-3.61421
1.02212
-0.288032
2.04491
-3.25373
-1.37592
-0.0882807
4.26616
6.3909
-0.183447
-0.195329
-1.89078
3.606
-0.981245
0.215983
3.02823
1.5195
-0.782382
-1.49474
4.93763
5.78412
-1.22803
-0.460546
6.60738
-2.71922
6.11678
1.77
-3.66344
-1.43501
-3.20671
-3.09024
-3.73592
1.34507
4.65042
-3.35727
-3.65493
-1.33069
1.17495
5.37632
-2.14927
4.27506
1.9438
2.41644
4.05449
1.76532
5.76509
-2.1715
4.63644
3.71543
1.28558
5.69283
4.4117
-0.55981
-0.723747
4.97708
-2.20265
-1.91261
-0.153591
6.58697
6.16109
-1.50672
1.59304
3.16434
1.05366
1.81548
1.83843
2.56814
1.76155
-2.60004
-3.85252
-0.336779
-3.24262
-1.66302
3.63813
0.121632
1.26453
3.99
6.99802
6.76674
2.59099
0.763862
4.23046
0.357199
0.446871
0.55232
1.85433
5.76526
0.796802
-3.15818
-1.60962
-0.937539
-2.2098
-1.15666
0.00473738
5.61855
-0.954374
0.837302
6.53682
-0.625574
4.98282
6.29088
1.83414
-3.54434
-1.67991
5.73704
-0.51407
-1.97298
-2.94381
4.3614
0.982321
1.8664
-0.466383
-3.49207
-3.23087
-2.17095
2.78171
5.1201
3.46106
5.08634
-2.94881
-2.59036
4.80415
6.29717
-2.4458
3.49547
0.310495
-3.51336
1.95637
4.6613
3.52936
-2.09544
6.86079
-0.707663
0.311239
-2.00732
3.05494
-0.636964
0.545212
3.3856
1.84611
-0.374763
-3.63968
1.85354
3.417
1.52223
1.18455
1.65788
3.90069
1.94995
6.89815
0.286882
6.63358
-2.42305
0.86904
0.943442
-2.57164
0.519712
3.79923
1.6694
-0.37635
2.6786
-0.826102
0.70773
6.82328
6.85662
6.24817
-0.981262
-0.0737097
-3.84299
5.7885
6.28298
1.12597
-3.83665
2.42765
5.59448
1.38299
3.94984
2.95138
-3.08023
-0.41229
3.64989
-0.317431
2.94064
3.3153
-2.68429
-0.785239
5.485
-1.60062
-3.54687
-0.301121
2.0681
1.50887
-3.41797
-0.805371
-2.86659
4.20024
-1.51537
-0.760219
-2.99535
-3.86906
-3.26253
4.64447
6.6957
-3.42376
0.877563
1.19136
6.26536
1.83273
5.69851
0.81266
-0.619823
2.62692
-0.306864
4.53419
1.15867
6.80492
6.28548
-0.988719
6.59715
1.34748
1.08486
-1.79325
3.88345
-1.77771
1.00994
3.9991
5.84955
-1.61258
4.34958
0.44297
0.993706
6.20896
0.0439949
5.42493
0.752357
-2.13651
-1.37515
1.87921
5.83272
1.58243
0.844186
1.24204
-0.0718336
5.68947
2.93154
4.39292
2.88344
-1.03881
0.646248
-3.50566
-0.636151
3.20684
0.433209
1.94048
1.70902
5.52227
-2.1804
-1.97138
1.98335
-3.80239
6.2301
3.29214
3.97487
5.69668
3.0173
4.7291
-1.06256
-2.47761
-3.17969
-0.0458345
2.6611
2.14138
1.24837
-3.63835
2.31943
1.6363
4.3126
5.81694
0.258021
5.5655
-1.69151
-2.13522
-1.5669
2.10971
-3.13653
-0.697118
1.54614
6.98537
3.17465
-1.66719
-0.519928
-1.4403
6.87388
-0.6433
4.06188
4.99147
-2.30894
4.56287
-0.767715
3.00564
6.87059
-0.981303
-0.755199
4.37256
1.69946
-1.1359
-3.114
4.07324
-2.02935
6.77039
-2.03084
3.63123
5.12449
0.219757
0.449232
-3.75121
-2.54276
1.7666
5.31154
-2.01155
-2.08644
4.13033
0.390673
2.03243
6.96873
-1.62012
-1.31929
5.73179
-0.740199
3.48585
3.64025
2.61243
-1.85685
1.84815
0.774065
-0.282526
6.57829
3.37222
-3.0597
3.67809
0.619982
6.03526
6.67473
-3.85021
5.4356
4.16749
-2.00449
6.49719
4.30948
-2.59926
-1.68815
-0.674082
3.712
-1.37402
-1.09911
-0.703168
-1.15059
3.10247
6.23465
2.69113
0.79444
1.15016
6.81475
6.514
0.803944
6.88132
3.36042
-3.46983
-3.37418
-1.9052
3.34366
0.850378
6.30822
-3.72896
-2.59242
3.27661
6.95798
4.84351
-3.08099
-2.18143
2.77703
3.55233
-1.05805
-3.6692
0.798384
1.43004
2.7196
6.31055
2.45468
-2.26616
-2.272
-1.49448
-1.64862
3.70359
0.193872
5.4092
0.485826
6.28454
5.3515
-1.36314
5.6583
-3.96411
5.24141
-3.55247
4.6497
6.59795
3.82066
-1.16594
-1.91943
6.13071
4.88193
4.65775
-1.1766
5.92715
4.62233
-2.54843
5.48789
2.9918
5.19291
6.31256
3.21773
-3.53811
3.91082
-3.86291
1.13955
4.47988
1.2798
-3.37699
6.01146
2.58864
5.29932
1.61837
-0.0360224
2.57015
2.43
0.967681
-2.18244
-3.32665
4.92242
3.11567
-2.9983
1.53988
0.775914
-2.20832
1.78923
0.523732
5.3566
-3.64413
4.12134
3.33171
-1.91018
-3.43566
-1.15571
4.99106
1.72998
5.85566
2.14572
-2.85039
1.44448
3.39793
-0.0245552
-2.70348
6.66285
5.48412
5.56521
4.4141
6.81514
2.02155
0.159407
-1.84933
-3.64139
6.16041
-2.00034
-0.777261
-3.43291
1.01887
0.104267
6.41345
4.9268
-0.347753
-0.677833
6.65844
-2.66723
-0.180059
1.74188
-3.16823
5.59402
4.7437
2.44098
-1.38119
-0.639399
3.61834
-2.53605
4.62086
5.80596
2.81075
-1.68124
5.37093
6.24189
3.4489
-1.24567
0.0107589
-3.17182
0.27967
6.41326
1.71159
4.69274
3.81052
4.38719
5.4946
5.66389
2.01378
1.66538
-1.91753
5.01227
6.26802
2.54309
-1.32999
1.80761
1.51543
-3.22346
1.22944
-2.73501
4.65136
1.44344
-3.09368
4.54353
4.13684
-0.118695
-0.915275
-2.01995
-0.327263
2.68526
1.08495
-0.205919
-3.88543
-3.41747
-3.48761
5.78466
-3.2862
2.88239
3.33373
-1.01859
-0.462526
6.33332
0.0337453
-1.8455
5.59867
5.84538
5.35866
-1.94501
5.16345
6.17788
5.65312
-3.08759
-3.20386
0.754221
-3.79947
0.269324
-2.47575
6.0964
0.182344
-1.3481
5.43783
-2.34296
4.91522
3.13175
3.36676
4.17794
-2.37112
4.51768
-1.35471
4.41807
-3.51138
2.22484
6.85882
-0.76616
-3.85896
1.42339
0.942846
-1.58735
-0.649286
2.4442
-2.25043
-1.92076
5.84949
-2.70326
-0.625035
3.04087
4.96997
-0.700475
0.110747
5.33426
5.84428
-2.20433
2.75757
6.41319
0.486528
-3.91724
0.909435
-2.11796
2.43892
-3.01754
-2.87999
-1.02875
4.81606
-2.46673
3.68783
-0.701632
2.66438
2.23515
4.16569
0.805273
-3.78365
2.2679
4.59955
-0.371998
-1.17326
-3.98913
2.62293
-1.34322
-0.418646
6.81849
3.40839
-0.249913
4.70562
0.430333
-2.40503
6.72337
-0.254706
1.16433
2.81641
5.37897
-1.5813
2.04804
5.45552
-2.12881
-3.96302
1.55819
0.566136
3.05653
4.15616
5.53373
3.38103
1.97105
-1.63798
6.43508
5.36856
-0.598955
1.36842
1.10161
4.77704
1.72432
-1.38362
2.51336
5.09368
-0.477148
2.56668
-0.836962
5.18569
5.95166
-1.46092
1.34718
-3.95442
2.99803
-0.0494268
-2.7179
6.17728
6.46341
-2.47316
5.5792
-2.41669
-2.29233
-2.24146
5.79823
4.92211
-2.03846
-3.39252
-2.1455
1.60368
6.13258
3.24644
5.86832
5.88752
-1.40586
2.70248
4.58706
-1.23676
6.85697
1.06975
-2.64985
5.90036
5.38844
3.43591
0.322062
3.88738
-1.74793
6.62477
3.42758
3.33532
3.66287
-2.12363
6.10761
1.59725
-3.0989
4.78272
-1.82513
6.97979
-2.62065
1.81697
4.87291
6.96336
-3.80376
5.17105
1.82387
-0.142859
-0.0292146
6.98823
-3.85244
1.06744
2.39887
5.79949
4.10345
-0.247864
6.1407
-3.21791
6.58439
6.80717
0.125072
4.09011
6.43535
-1.00944
-0.590487
0.692342
1.19272
-3.9411
-3.98693
6.66129
1.29147
5.81348
-2.76298
-3.37842
3.85106
3.72822
-3.86617
1.26997
-3.66904
3.39503
6.30047
-2.03539
4.16862
6.03424
0.450603
-2.71514
-2.40098
-2.3285
5.98199
2.28015
1.41196
6.83029
3.68852
-0.040303
-3.3736
-3.05675
-1.84449
0.652853
-2.50122
6.98128
0.422007
0.66918
-3.08484
-0.976164
-2.3856
3.17732
-0.801099
2.92202
-1.65504
5.68811
2.04157
6.66704
-1.13691
1.91275
-2.47942
-0.692935
5.84574
0.276667
-0.0680552
3.1951
0.978937
-0.00710845
4.52866
-3.85277
6.45626
-1.67064
-3.4811
5.22217
3.01913
2.60039
4.76814
6.09471
4.81464
6.57578
5.20763
0.712069
2.73795
6.65829
5.9454
3.40151
5.1388
-1.26312
3.74316
5.21455
6.90421
3.04671
4.10567
3.96267
-1.39327
5.33131
0.305819
5.89959
3.32814
4.09426
-0.837378
-1.81351
4.26081
4.38778
4.48905
1.44472
-3.61085
2.4328
4.09829
0.929275
1.32495
-3.59958
4.80408
5.13366
0.488929
3.43024
4.08863
3.64529
-0.611068
6.77343
5.10622
1.30438
2.74141
-1.04401
1.27629
3.5295
0.392128
4.48906
1.66597
-3.03758
1.39526
1.13752
3.25908
-1.69885
6.35172
1.30962
2.84306
2.2571
-0.966027
2.98947
-0.964375
-2.2575
0.133857
-2.26931
-0.30253
0.369139
3.11643
-1.09366
2.858
0.456706
0.858756
4.10568
4.10041
3.6718
4.98498
-1.45186
-0.397036
-3.99018
-3.9205
1.18164
-3.19677
-1.14422
0.0243483
5.2172
-3.56519
-0.141706
-2.64242
-1.17831
-0.841565
4.81303
1.51587
4.22746
4.88681
-1.31133
-3.58084
0.77094
2.18256
0.335417
-2.64449
-2.92004
-3.10694
1.69588
4.6026
6.96178
2.70219
-0.232431
1.53023
3.58835
-0.598785
4.21981
-2.6045
-1.78032
1.18553
-3.76325
4.13268
6.90575
6.98401
2.30551
-1.23949
4.88109
1.43791
2.9746
2.03878
3.77653
5.19917
1.47682
-3.03002
-3.61527
5.16265
3.6094
1.16827
3.03258
-2.43377
-3.41207
-0.713299
4.58273
2.91099
0.0691571
-0.675034
-1.29782
3.50658
0.0080719
6.66207
3.33662
3.49798
-1.45544
5.37582
0.404954
0.0602126
2.99398
-2.12153
-2.51316
4.27315
2.84977
5.04248
-3.00414
2.48494
0.319666
-3.36859
4.14423
3.15455
1.47356
-2.80836
3.96642
6.63593
4.14739
1.1874
5.67667
-3.15863
1.98276
-2.79633
-2.86923
3.78673
0.478363
1.84349
-0.448398
1.77711
5.88518
3.22188
0.183988
4.2918
-2.71112
-0.874091
-2.85017
5.15255
-1.05035
4.73226
-2.94017
-0.482204
5.59493
-2.07199
5.08604
3.01785
3.0381
2.3757
1.47243
0.0918756
-3.8502
5.69465
1.93674
4.77607
-3.64209
5.37227
6.73085
4.44161
-3.93082
3.74374
4.02615
-1.56384
-1.54067
2.97141
3.40476
4.7613
1.23783
6.1679
2.95243
3.48938
-3.07478
3.17221
1.37133
5.89832
4.04771
-2.09627
3.91041
0.289577
-3.08589
3.47093
5.97853
-0.883247
-2.73048
3.88962
2.87145
6.49331
5.04323
-1.51901
3.983
-0.711627
-0.324535
4.53846
6.86197
-2.9438
4.63533
-3.93202
5.56388
4.20553
-0.573227
4.77857
5.4847
4.40452
-0.147106
5.58181
-2.57395
5.66305
-1.14132
4.89716
-3.43868
3.12037
-0.933792
5.76241
-3.19875
-1.43164
-1.49462
6.94783
-0.734991
2.99898
4.82584
-3.12769
4.94779
0.526457
-3.82748
2.6184
-0.564687
5.3019
1.00492
-3.28677
4.19166
-2.72862
2.13739
0.0643749
6.94844
-1.51515
2.80503
1.12327
5.84623
-2.40548
-0.969893
4.02031
-0.578155
-1.05272
-2.08603
0.0712514
1.51962
1.19089
-1.74068
-3.53688
2.70054
4.90831
-3.06194
-0.986487
0.120711
-3.20112
2.82454
-0.90114
4.5343
2.91698
1.61056
0.599583
4.18452
-1.78422
1.59412
-0.683485
-0.330497
3.33118
0.0670629
-2.87933
-0.841087
1.84807
-0.503942
3.25436
-3.99279
-3.90107
-2.28573
-1.26224
-3.53062
-2.17868
4.96814
1.47334
4.46386
-3.92899
1.50931
4.0444
-2.70822
4.00767
6.97318
-3.7494
5.85331
6.62281
3.52869
-2.25323
5.90852
-0.524935
2.41226
-0.143607
-1.6124
-3.54678
1.19977
4.59588
3.96393
-2.24757
2.09882
0.812407
6.13447
2.08685
-2.37129
1.80008
6.85835
2.29281
5.19276
3.72762
-2.87216
-1.39756
-0.806653
-2.42268
6.98574
-1.69823
5.76793
1.53032
5.03363
2.22148
5.34345
6.39807
-0.72012
-0.0594471
4.87194
1.72221
-3.78557
2.85172
4.86716
-1.65689
-3.41038
5.80042
-2.37218
-2.28592
6.59099
-3.19218
-0.921783
-1.40771
4.68466
0.105893
0.748082
3.01487
-3.02008
-1.55027
6.56037
-0.806369
2.35196
-1.62431
5.19628
-3.08744
-0.628388
1.68339
3.77753
0.0201364
0.43567
-0.690401
4.43647
-2.26253
3.58188
0.656467
3.24487
1.59381
5.119
-3.97022
1.56989
-0.861498
-0.199994
-3.29361
-0.622693
-1.59901
1.47335
4.65093
5.21876
0.743331
0.158507
5.02706
1.7891
-1.51936
-1.84607
-3.9247
-3.4129
-3.62115
5.35631
2.47319
0.852222
4.30572
0.280114
2.87133
4.46296
2.98407
-3.67412
6.13118
1.68057
0.407511
-0.964059
3.06166
2.26542
6.8655
1.42503
6.49098
-1.14841
6.59157
6.54736
0.541747
0.14671
4.75863
0.360025
3.94543
5.78161
0.534553
0.220563
3.00411
3.12097
-1.90499
6.86259
-3.47163
-0.648787
-0.163392
6.87671
2.80076
6.39355
0.391835
-0.434515
4.11191
-1.10138
5.13862
6.73569
-2.184
3.48604
6.87947
5.26142
2.60753
3.71665
-0.325111
5.85927
-3.31368
2.97443
-0.787471
0.982017
-3.23917
1.19983
5.59797
5.06232
0.457884
-1.33829
5.32949
2.66869
-2.32049
-2.53294
1.91188
4.93675
1.89881
5.26504
-2.46946
1.74087
1.83019
-3.9939
-0.455545
2.6615
-2.15831
6.24802
-3.56551
5.41172
-1.20917
-2.56776
-0.393274
4.24056
5.12517
0.655874
4.27986
5.65814
4.33086
4.70416
-2.17558
1.94596
5.72492
4.73813
-3.24368
2.38961
4.23467
5.04162
4.45121
3.42331
-2.45639
1.42919
-0.546815
-2.31963
0.959033
6.46112
2.97778
0.468338
-1.63295
2.97147
4.55105
-1.55656
-0.028657
5.35948
0.705857
-2.6534
1.31493
4.09297
-0.480592
-0.306677
-3.32051
-1.77734
-3.75017
3.89374
6.17249
3.00975
-1.12693
4.6316
-0.757188
3.93794
0.954701
-0.341375
-3.49278
6.86219
0.816619
-0.0882185
5.31319
3.77927
-3.79223
0.93662
3.77577
3.40386
0.741601
4.09554
-1.34
-1.3955
0.892549
0.06635
-3.85643
-0.0897853
0.976432
1.89072
1.31428
4.15953
-3.77063
1.05822
1.4452
4.392
-1.73347
-3.43511
-2.83698
6.9308
-1.10256
-3.77066
0.571033
-2.65058
4.71629
3.75447
-2.66287
-3.82737
4.45048
2.24768
5.70738
6.87295
5.7286
0.566549
-1.00736
1.25782
1.23931
-1.85685
1.86967
-0.497017
-1.36789
2.86616
5.48213
5.07807
1.05078
-2.50205
4.10038
3.08019
5.7805
3.83063
1.32219
5.06881
-0.483311
-2.01499
6.06155
-2.51813
-2.28104
0.528156
2.71241
6.52585
1.9826
5.54977
-1.93858
3.28878
2.59458
6.07159
1.1484
-0.911115
1.89628
6.84855
2.62705
1.88783
-3.24464
-2.73006
-0.149136
4.47249
-1.79681
-1.01043
4.62798
4.42087
-0.407289
-0.313469
3.51959
-1.19481
-3.18595
4.72163
5.50473
0.0733142
3.19144
5.56074
6.30974
-0.28659
4.28925
-1.65052
4.65665
2.28279
1.8278
-0.0967157
5.49959
1.63183
6.2121
-2.17359
2.55035
-0.212618
4.53425
2.17376
6.38758
-0.948629
-1.60796
5.04061
-1.42709
-2.18137
3.63939
-0.693412
-2.17441
-0.387111
-2.17803
4.88591
5.42473
-2.62289
-2.91225
6.73997
3.67141
-1.56269
6.92998
-3.89927
5.97105
5.48441
-0.57699
-3.47541
1.77181
4.78248
5.18537
0.460749
2.81076
-1.54642
5.24087
-1.70083
6.15608
2.20276
-1.1983
4.21874
1.40328
3.97315
-1.26858
-0.100477
-2.72306
-3.40376
-3.96623
2.59402
-3.37069
1.88467
-1.30858
-1.26973
2.6924
0.156483
4.01675
5.51926
2.21448
-2.15261
3.10457
-2.5478
5.05941
6.44836
-2.3845
-0.269842
-0.239727
-0.103426
2.70844
5.72659
-0.164484
-0.482774
-3.98802
-0.595916
-2.56149
6.07437
3.92362
2.33272
5.02142
5.94136
1.42075
0.521063
4.50247
-3.9648
4.65662
1.79354
-3.99395
-1.25222
-0.0961056
4.75352
2.41649
4.92632
2.68031
5.93116
6.07725
-2.69161
-2.88809
5.91469
4.1857
6.99342
6.42472
-3.74282
6.40268
-0.155988
-0.683209
4.31217
-1.4006
3.18903
-1.95187
-0.0537164
2.18907
-0.261246
1.23532
-2.93048
-2.59765
3.21465
-0.315002
-0.239586
2.27386
5.83774
-2.13437
1.64769
-2.30334
-0.259333
0.394437
-0.68828
-3.92517
-0.370463
2.62277
6.8221
-2.0109
-2.16239
3.70655
6.055
-2.65479
0.0114732
-2.16888
4.60307
3.78246
5.86236
4.76469
3.22351
5.50398
-1.59579
0.634592
-1.42228
1.77703
4.55974
1.50823
-3.11096
0.140059
2.96062
-1.92605
4.8618
-3.66044
5.02754
-1.11783
3.68199
0.238688
-0.37223
5.93366
4.03737
0.111909
2.86301
-3.35832
0.731479
-1.0421
0.39511
-0.384827
3.20841
4.77307
0.918
-1.17779
-3.07519
-3.65817
-0.917897
-2.09057
0.731577
0.624946
1.47014
5.57122
6.52111
-0.674296
0.100524
-1.48636
2.82497
6.19346
3.40771
-0.61406
0.496493
-1.43247
6.46797
-2.88667
-3.21891
0.82911
0.84498
3.58092
6.48893
-2.62404
-0.257466
-1.23322
0.191617
0.499876
0.405308
6.00292
2.13574
5.35612
-0.753641
-2.4409
-2.27983
-1.08658
0.873812
4.15252
-0.605281
5.04539
1.86446
-0.069808
6.73396
1.6269
0.387524
4.1151
-2.47355
-1.02408
6.25762
3.87401
4.55193
2.35915
-1.76049
4.38386
4.51083
4.53238
3.64414
1.99275
0.226163
-1.87543
-2.36272
2.8365
1.99596
-0.91357
4.63418
-1.36272
1.80343
-2.7512
-3.34606
-2.16263
-0.304296
3.70087
-1.5147
-0.549485
-3.18994
3.61822
6.40459
-1.04887
-3.37807
-1.25711
5.74281
-2.57873
2.34498
2.09709
4.81176
2.33436
-0.456968
0.730271
0.670775
1.71757
6.27924
4.26895
-1.82139
3.86316
-1.87971
2.74898
5.16344
5.89189
5.99926
6.58272
0.803021
2.37383
2.99394
-2.83504
6.44977
-0.752863
-0.36546
-1.28102
-0.0752351
3.52137
6.58116
-3.46332
-3.9377
-1.96285
2.32176
-3.25703
-1.90375
5.64559
2.44016
6.84035
-3.15157
-0.396673
2.10965
6.84235
-2.56387
-1.03585
6.44401
1.50042
-2.49119
-0.478051
-1.59877
5.39252
6.03987
-3.83767
-3.78201
-3.18862
3.90504
-1.9607
5.49172
1.3393
6.62864
2.62143
6.39899
3.88689
0.941543
-1.48557
5.09334
4.73028
-3.15415
0.217896
2.1703
3.2724
2.18171
-3.01984
2.50836
-2.0473
2.02404
-2.02803
6.94073
0.926965
6.49781
3.75194
-1.06928
5.55828
-1.93851
4.45556
-0.357352
2.97983
2.08601
5.62694
-3.01134
2.40107
-1.18436
-3.5661
6.57636
3.91016
-3.99814
5.27919
4.31714
5.2105
4.9219
5.3845
3.26141
4.44199
2.56089
0.866719
5.95033
-1.87352
-3.23132
1.17185
-2.68561
-1.03745
1.51039
0.145528
6.88664
4.70985
5.427
2.56244
4.9799
1.19888
0.642725
3.28745
2.15658
3.65296
-3.6646
1.08556
-0.921428
4.55429
-2.06447
-0.604949
-0.378471
0.0392909
3.36576
-1.7614
0.160984
2.64756
5.51031
5.73878
6.75844
6.18682
1.81769
5.84812
-3.62009
1.21139
1.78306
6.83428
4.71669
-0.544454
4.35902
5.05039
-2.05086
-2.85384
-1.49602
5.32016
-0.0812535
1.37656
5.87461
1.63961
4.88657
5.62986
2.133
3.31722
-3.52775
2.04949
-3.19227
-2.54028
-0.422294
0.504032
4.25861
0.483385
-1.74486
3.15328
2.22628
-1.93635
-3.29725
4.12233
-1.93006
3.56271
-2.5999
-1.49452
-2.31659
-2.91509
3.03523
-1.92091
3.33488
-3.66305
5.14055
6.21214
-1.61064
3.93192
-1.2774
5.77959
-0.41162
3.90289
5.92357
-0.547739
4.15179
-1.90178
5.73956
-2.26038
6.81297
-1.43708
6.05484
5.62718
0.989953
-1.85244
-0.918547
-2.01695
6.08863
1.54584
1.93826
-2.70339
-2.961
1.4311
-1.57297
-0.839951
-1.05767
2.71008
0.249499
5.32816
2.44213
6.88577
1.08745
-2.19948
-3.64128
-2.99408
6.53087
-1.75305
-2.52126
0.26282
-1.78688
0.86327
2.97909
0.499819
-0.55012
-2.86718
5.34922
4.26531
3.08755
-2.54045
-3.39249
-1.53348
2.72718
1.71317
-1.7719
-0.26648
1.27693
3.43608
3.24447
5.8867
6.81301
-0.664074
6.91063
1.00925
3.40483
6.03483
-0.538672
2.53275
0.877847
5.97255
-2.3791
2.4133
6.27465
4.04737
3.07982
-0.487719
0.900724
5.46359
1.59165
1.90857
4.38309
2.55798
6.94148
2.43456
0.640868
5.06353
-1.2407
6.52724
3.40073
3.1033
-1.89306
-1.65862
0.517268
6.71955
1.47243
0.204481
-3.2845
-1.65598
0.994837
3.23108
0.742682
0.250207
6.2364
-0.841707
2.43057
-0.42837
-2.61109
-2.63444
0.882857
2.17741
1.73114
3.25864
1.99933
0.752286
-3.32146
4.27758
0.211005
-3.63185
1.49161
3.54754
6.49896
1.09457
-3.50356
1.68832
-1.35562
0.167043
5.48392
2.29043
-1.81105
1.63578
6.5055
0.897024
-1.7227
1.52689
2.47579
0.683858
1.60898
-3.8237
0.145719
-0.894542
5.43982
-1.97169
-3.26995
0.956537
-2.48592
0.105438
4.08934
4.50308
6.21251
4.68633
6.13165
-1.32484
0.337335
-3.41667
-1.03913
6.26906
-1.85838
-1.82882
0.047205
4.37507
-0.158075
-2.765
6.7299
-0.568994
-1.07247
-3.95401
-1.01498
5.1794
-0.82212
1.6239
4.88184
3.12147
6.61328
-2.61957
-2.10532
5.9067
1.89441
-2.63114
1.44332
5.82458
-3.32427
0.921585
4.07406
0.794479
1.80712
4.22822
6.78035
0.354667
1.896
2.01348
-3.4977
1.20901
5.9144
-0.599965
6.39826
2.63791
-2.66684
6.42511
2.89972
-2.47809
-0.206038
5.11246
-3.88829
3.58129
1.74251
-3.6698
1.61918
2.56819
2.525
2.64812
3.93545
3.06629
3.13586
6.36769
5.74636
2.01703
1.27033
2.41262
5.85868
-2.205
2.59857
-3.7959
5.30604
4.55166
-2.27301
3.49499
3.28423
3.09185
3.71864
0.146361
-1.11607
0.281649
6.67803
-3.30826
5.9959
5.10549
-0.0491118
2.57741
3.5132
1.2688
-1.25255
5.35926
-2.85018
5.04795
0.947109
4.06713
5.20081
-3.91633
5.2054
-3.82328
-3.9409
-0.778612
6.86755
2.87044
0.472615
4.24002
-3.90646
6.1799
6.49366
-0.135451
3.47165
-3.9779
4.38435
1.74156
2.35188
-2.92909
-1.25761
-2.58434
-3.94378
5.86064
-2.22217
-0.0701001
1.82553
5.73
2.17563
4.80511
0.561995
-0.562175
3.5209
-1.31614
3.62157
-3.31093
5.15908
-1.38513
-0.870464
3.11468
2.37779
3.571
4.8227
-0.908386
3.76068
2.7246
2.40479
6.27828
-0.902039
0.433066
-0.454456
-1.03799
3.49323
6.75138
-2.54094
-0.498297
-0.878353
2.51696
-0.521715
1.53648
-1.39056
6.9327
-2.1455
1.56047
5.78091
-0.206152
3.20229
0.946837
-0.498487
6.92211
6.8961
-1.31151
4.4828
6.37128
0.132939
4.30972
1.48124
5.22076
1.31759
4.80048
-0.257309
1.40354
-2.67526
-3.02223
6.30395
1.54735
5.23729
4.06368
2.20039
2.95259
6.23436
-2.16866
-2.59511
2.02535
-1.98467
-1.30207
-1.90281
-0.473117
4.31448
4.42697
3.07208
1.47978
2.74742
0.91871
-0.243811
-2.73124
2.07253
-0.933434
0.769257
6.89518
5.23162
-3.09727
-0.73871
6.50594
-2.59945
6.00014
-0.626059
-3.16887
5.73996
4.50992
0.155056
2.01415
-3.14474
4.31911
5.2616
5.65735
2.15116
0.490474
-3.60543
5.62
1.30391
5.84084
6.05807
5.06003
5.93568
4.98854
3.35069
-1.98025
6.92917
4.5802
4.41823
-0.80161
5.34245
0.623158
4.42092
0.338251
0.976229
-1.51741
-2.18324
5.22108
6.77372
-1.02512
-0.273757
-0.0329382
-0.593996
-3.28236
1.31701
6.04812
2.68873
4.412
4.52321
3.51813
-3.7675
-1.32552
0.0233788
-0.0739694
2.79499
-2.53465
6.16787
2.39224
4.40911
-0.0369267
-1.62828
4.49078
-2.54336
2.73522
4.80389
1.91157
-0.223836
2.98591
5.20527
4.97195
-0.451202
-1.35393
6.53888
1.01199
5.48023
6.30119
-0.885846
-2.41059
1.15794
5.4943
0.685475
6.77444
0.0750914
0.0643487
6.51042
6.57792
-2.91364
5.39269
-2.07051
-3.11322
6.03703
3.31984
-3.4394
2.05528
6.0697
2.37574
2.05113
2.25901
-1.88147
6.2027
4.81181
3.05622
-1.06908
-2.01284
-1.73431
4.50372
5.9798
-1.57088
1.26577
2.76715
2.51955
-0.936899
-2.46748
1.98059
4.75788
-1.38337
6.70035
-2.16273
-1.96385
-3.49249
0.643545
6.06599
6.11567
4.97964
-3.26514
4.72451
-1.14304
-2.08162
-2.72221
-0.262174
-3.36377
-2.81523
-1.56756
1.99746
2.32959
-3.64702
-0.467721
-3.97836
-3.36918
5.17561
1.44842
3.59576
2.96966
-3.91752
-3.71575
-0.662308
3.58364
-2.77926
-1.99812
3.56611
-0.376007
-2.54278
1.49439
6.16419
6.52414
6.14467
-2.57973
-3.44775
4.72658
0.696144
-0.907706
4.19241
-1.23747
5.91955
-2.15082
0.153098
2.10984
-0.888979
-0.069732
-2.98425
6.75431
2.67159
2.37506
1.61182
-0.107504
0.177822
-0.341522
5.03799
-1.57305
-2.17374
-0.12214
-3.81575
1.71807
3.53726
-1.23928
-2.59886
4.92581
5.06915
5.19131
1.43137
3.03449
-3.36023
1.59595
-2.82941
2.11707
-0.428212
0.0310974
-2.34563
3.99524
6.9206
3.48326
4.09891
0.308809
1.15957
-0.17555
0.533938
0.895868
0.854776
3.22343
4.12663
4.20042
1.40954
-0.800345
4.60369
3.15149
5.17327
6.16639
-0.555109
1.29255
1.92683
3.2939
0.579266
3.71638
6.22248
-3.72533
3.32973
-2.16832
2.9967
-0.461166
-3.82725
6.42014
-3.76872
0.143208
0.893004
-3.27353
6.80601
2.66416
-1.53775
-2.91353
-3.63042
3.45401
-3.49808
5.8498
2.59464
-3.88164
5.19602
3.54512
-1.10722
5.93379
6.19927
2.0582
0.232372
3.48492
-0.908997
4.49186
4.62354
6.77364
-2.38681
4.8611
6.46387
5.2455
-0.855699
-1.73494
4.89647
-3.94677
-0.33176
4.11032
5.14218
0.536176
5.50681
1.92558
4.29653
-0.152544
2.19746
-2.21645
-2.94659
1.72873
6.83084
1.84781
6.21161
0.602231
4.69644
0.0466604
6.21612
-0.622329
4.50581
-2.84269
-1.01839
2.99847
-3.76294
-1.66946
5.33313
-2.00807
1.41468
-2.47707
5.96781
5.97864
0.93971
0.708827
3.25929
1.95343
-0.697917
-0.888299
0.348221
3.54718
0.403702
1.01825
0.759857
2.92043
4.65945
5.34418
-3.38068
-1.01858
-0.324179
-0.473204
2.86903
-1.28712
-3.67487
4.38692
0.966344
-2.65341
1.08602
6.7442
-2.18066
4.63561
0.770565
6.88542
6.24185
2.77964
3.43191
-0.822763
1.8208
3.22213
4.3374
4.73828
-0.744663
5.45767
1.05889
1.69794
6.29225
2.84318
4.26592
2.36421
6.22994
0.599586
4.24039
2.26405
5.86051
6.61981
-2.90519
4.48081
5.91858
3.53589
-2.34405
-2.37935
-1.68261
4.36784
-0.731189
0.909227
5.37688
-3.73256
2.80483
-2.22133
3.17247
5.66008
3.89623
3.94141
4.21357
2.43054
-0.922785
3.75222
3.51054
0.578073
5.67272
-3.57754
1.3091
5.07857
-1.43956
-2.67577
-0.699166
0.120533
4.79434
6.46768
3.21567
5.74865
-3.42547
5.17892
2.17142
0.0197134
4.32558
3.99136
-3.13103
3.72427
6.7348
4.83383
-0.80102
4.25469
0.599522
3.16237
0.986034
-1.72778
4.23334
4.67
6.60456
4.89905
6.35206
-3.98958
6.15178
6.97423
2.91792
6.44011
1.87758
0.464348
-2.69659
1.34637
4.41511
1.7339
5.6766
6.54314
6.49446
2.39283
3.24688
2.35738
1.52853
-2.91745
-3.52763
4.08931
4.0276
0.897269
2.39619
4.76019
4.46718
-3.09011
-1.51824
5.89272
-2.02548
5.74411
-2.73053
2.94435
-0.2626
0.482494
5.28029
0.854054
2.09248
4.23963
0.394961
-2.88144
-3.34601
-1.32471
2.52592
-3.92652
-1.05562
4.10925
-1.76258
2.35597
-0.302227
5.46223
0.647446
5.62581
0.0178537
6.06412
-3.26115
5.86012
0.103564
5.60086
-1.26606
-1.63991
-3.99875
6.01846
-0.773852
-1.12474
-2.49896
1.02896
4.69601
3.78608
0.689298
5.03103
2.56787
-2.7382
6.01174
-3.62131
2.68717
0.299767
3.19072
4.43013
1.2104
-3.84541
-1.82113
-2.75443
-2.63755
3.72717
0.598059
0.570315
-3.70956
4.45079
-3.50445
-2.20724
-2.04551
-0.929241
5.24439
2.44752
-1.53931
3.82883
4.19652
1.97473
5.21902
5.0474
2.70741
-0.604026
4.13591
6.15902
-3.33635
-3.97323
5.84382
1.04076
5.04097
4.52319
3.28896
5.54299
5.03944
0.830215
-2.56422
4.2321
5.9049
4.65123
-0.765114
2.73173
1.25524
1.82151
4.16351
-2.8839
-0.72838
4.12282
6.31531
5.35787
6.80883
5.93087
1.14764
-2.52977
0.232017
-2.50256
6.5531
-2.04823
-2.61474
2.0591
4.29624
5.89495
2.47974
1.00248
-0.374117
-3.7808
6.1146
-1.84419
5.65537
1.87451
3.83597
3.08253
1.09413
-0.000453472
6.37799
2.79504
-1.71163
0.681671
-2.15208
1.05699
2.76576
1.11975
1.70262
-3.12973
3.54526
1.10882
4.99004
6.60185
3.30171
-0.191587
5.99749
-1.17887
0.715302
2.08014
6.00182
5.60993
-2.87374
5.13259
4.37317
0.859725
-1.59549
5.51573
-2.19764
5.19317
-0.443285
-0.286671
2.91645
3.83221
5.9495
6.29775
-3.74224
5.14825
3.59164
-0.312694
5.54674
2.08431
-1.01505
4.03922
-1.77325
-0.981859
0.896023
3.45926
-3.23682
-3.26744
-0.832731
-0.710889
1.09456
-3.7478
-0.211432
2.46909
-1.92762
0.416745
0.231098
4.06761
2.30456
4.70256
3.93582
-1.67204
6.10017
-2.45976
-0.207995
5.23174
-1.17763
-0.41311
0.868162
-2.81239
2.0826
3.24525
-3.1595
-1.68002
3.97375
-2.24081
5.63671
-3.73583
2.83727
4.03972
6.62027
4.95518
3.6691
3.59029
-0.956016
6.23425
6.96569
2.29542
5.07304
4.53823
3.11111
-2.6126
4.98423
-3.13559
4.07045
6.04486
2.87105
-0.246768
2.56854
-2.57809
2.03074
0.610745
4.80524
2.66793
6.88893
-0.687798
4.17866
-1.30465
-1.33516
3.0185
2.89061
-1.43499
-2.8515
4.88381
3.16723
5.63996
6.82426
1.32436
-2.48797
-1.37665
-1.27838
0.348098
1.47602
5.50652
-2.863
-1.49375
-0.535745
-3.2617
-3.44897
6.21838
4.33917
1.41723
-3.69599
1.55915
5.70561
-0.76906
2.40674
6.16658
2.71588
-1.14658
4.39322
-3.17671
5.98231
-3.38649
0.284607
1.38876
1.86607
5.05407
4.77248
2.01446
1.98433
1.66087
-0.74566
-0.309489
4.42233
2.14491
5.46017
-0.956885
2.63785
-3.69226
-1.78743
2.7348
-2.27702
2.09775
4.86091
3.27905
4.04722
0.648119
5.93228
2.79349
5.1157
6.61439
4.97563
6.33856
0.217259
2.47241
-1.25637
-3.75562
0.280231
4.84047
0.765071
2.54995
4.07503
5.96641
4.46873
0.974084
6.4353
-1.92475
4.80211
5.1387
-2.85751
2.86495
-3.70169
4.69933
4.70511
2.74023
1.03346
3.28661
-0.932488
5.66906
0.856359
-3.17517
-1.16605
-3.86773
-3.01781
3.73742
-3.16474
-1.78545
3.00835
-2.71148
4.19009
3.76133
2.60759
4.80224
-3.71852
-3.12649
3.04612
5.11793
0.041265
3.54073
2.0857
0.404287
-0.150435
4.63549
-1.29715
3.86487
4.82694
4.33209
3.39332
-0.401873
2.72729
3.52166
0.585574
-0.255443
-0.226531
1.691
-0.323626
-2.18452
5.83519
-0.888503
-3.05905
3.51881
-3.41816
-3.98588
2.28091
3.28699
5.40942
4.15877
5.49467
6.95163
-3.02163
5.45389
3.45787
6.46798
-2.62538
-0.82985
3.71279
0.879634
3.01514
1.44136
5.96047
3.64111
6.07728
-2.08605
-0.283268
5.12089
5.781
1.32565
-2.8272
6.28731
-3.11872
1.72412
6.24492
-0.598089
4.92178
3.30172
0.0306115
0.486834
1.21183
-1.7488
2.87478
-3.52792
-0.746369
-1.22556
-2.96316
-1.76082
-1.13279
5.15472
2.45287
0.339146
5.02245
1.2749
2.31549
1.47566
-0.61405
0.667469
1.14205
2.42183
6.78411
-2.38584
-0.788506
5.58167
6.05952
-3.60179
0.676964
6.72892
4.93684
3.46057
-3.2378
2.32819
5.83335
1.06518
-2.46931
4.34467
5.79462
-0.881231
-1.8499
-2.34245
2.46818
4.75661
-0.668535
-2.07054
-3.55616
-2.34409
-3.16337
-0.743613
1.09348
0.0745454
1.88568
4.70247
2.47892
-1.82591
4.90263
0.442231
-0.427541
0.322325
-2.67407
5.88325
3.80433
-0.699053
2.02037
2.32934
3.14843
-2.38211
6.93
-3.5209
-3.83458
4.22371
-3.13636
2.15668
5.35367
2.15445
0.900104
6.04549
2.53882
3.86151
3.42538
-0.681172
5.54476
1.80551
-0.842451
0.935716
-0.427905
5.20279
-3.78061
-1.74104
1.30372
2.67204
-1.01389
1.53234
6.00107
3.92732
-1.59635
2.21918
-0.248312
-1.38297
2.48098
-0.190761
-2.1136
-1.2739
-1.41177
2.36376
-1.27565
2.15077
4.91354
-3.17492
3.15386
0.913649
2.69628
-0.607911
4.83453
-0.102328
-0.821886
5.56743
-2.25208
3.26441
-0.134198
2.53772
-3.60739
5.60678
-0.788647
3.20394
6.69564
6.70088
6.63903
1.24729
0.1654
-0.11724
1.55143
-3.03357
2.71932
1.68252
0.16211
-0.406172
-3.52371
3.99289
0.464059
3.43432
6.68993
-1.36883
-1.94187
2.93305
-3.28713
-1.74898
-0.144396
-3.86045
-1.61151
0.313049
6.41967
-0.646132
0.465611
-3.4871
3.27839
3.86068
0.426014
2.02105
2.81392
-3.40742
0.490999
5.22389
-1.15585
2.69254
2.52852
6.88419
-3.35287
4.27242
1.54001
2.91164
-0.124388
2.41439
2.64093
4.14248
6.69031
5.03257
6.36657
-2.07259
6.03933
-2.04079
1.486
-2.79865
2.16976
5.18439
5.97597
0.0576034
3.14057
-2.49445
-0.258965
6.57545
-0.483952
-1.77668
-3.63172
3.60555
2.56181
5.27452
2.78846
-2.4089
-3.34065
0.630447
5.92139
6.83962
6.51508
-2.98241
4.59495
-0.599691
-0.00306249
6.53223
-0.802387
3.28018
1.00245
-0.90667
-0.401131
4.19485
6.84893
-2.02406
-3.42229
3.63801
-1.94599
-0.309104
-0.113251
2.59562
1.58859
5.42043
2.18784
0.997506
4.07763
5.73477
5.28897
3.80124
2.52337
-2.70536
-3.02716
0.4854
-0.87987
-0.970523
4.41281
-3.84547
-2.74858
-3.37693
6.86496
3.31059
6.08212
2.24986
-1.63771
-0.054749
6.83357
3.88051
3.8078
2.67242
5.35798
-2.45129
-0.903447
-1.23318
0.981062
2.71657
-0.685843
4.04173
-3.63302
3.76924
3.6368
-0.356914
-0.651372
0.385835
-2.27163
4.68197
-1.13082
5.33418
4.53958
3.78869
0.57233
-2.85705
-0.475784
3.4916
1.33669
6.73941
5.33159
5.00324
-2.59382
1.66495
1.73804
-1.81041
1.36596
3.62764
-0.293693
5.90902
-3.14037
0.870067
-3.78302
1.82289
5.2483
2.21215
2.57526
0.348998
5.61582
-2.90383
5.40857
0.840446
4.37434
-1.47412
-0.520684
-3.14143
5.0644
2.43671
3.73283
-3.24574
0.929053
-2.40413
-0.198726
-3.99742
6.3534
-3.31328
-1.36702
6.45808
6.90046
5.95466
5.04115
-3.42965
0.869084
1.69716
4.17505
4.09027
-1.89981
5.8182
-0.511911
1.31036
4.24046
3.34809
-1.57738
2.0242
0.641883
0.136395
-3.60661
-3.22023
0.565617
5.32442
5.49979
5.0076
4.66934
6.58125
-1.97094
-1.65457
2.63801
-0.977839
2.46364
5.32869
0.348233
3.7587
2.4755
6.7633
-0.303027
3.02056
4.46938
0.819022
-3.70397
-0.674623
5.62072
2.43744
5.13531
6.21329
6.70556
-2.70547
6.17347
-2.49901
0.144899
-3.681
0.364492
2.02905
5.17666
-2.84285
-3.85101
3.13219
-0.264014
-1.28766
-1.7114
4.43675
2.4156
0.979364
-3.81824
3.77473
-3.1177
-3.21696
0.47868
-3.83425
-1.22787
2.13163
2.23819
0.319547
5.62698
-2.3933
5.80866
4.21233
3.57617
3.67233
2.89814
4.06816
0.547015
0.675015
6.9738
6.69746
4.17598
-2.23618
6.56699
0.372747
-2.23871
-3.05396
1.04455
2.7192
-0.363493
-1.23569
2.71687
4.4069
6.78508
2.83981
2.74849
-3.19754
-3.11102
-0.966887
-0.481063
2.76839
1.30444
3.80704
0.878145
-0.014255
5.41417
6.91364
-3.46605
5.16683
-3.17546
5.03529
-2.94716
3.13494
1.99553
2.93131
0.579049
0.0723615
-1.82398
4.39181
6.15911
-1.8562
1.84787
-3.81083
-3.67034
3.57921
-0.258612
1.50791
2.47484
6.6136
2.75477
3.49919
-3.18537
3.56405
-1.96751
1.05969
4.2214
2.0402
5.72558
4.88163
-0.479415
-2.52843
0.638505
-1.65507
5.29907
-2.57034
0.282074
2.82368
6.58614
3.27838
3.76624
-2.84048
3.13163
1.28278
2.69033
-1.6895
-1.4635
1.98362
0.622811
-1.41065
-0.835375
-1.15023
-1.98641
2.35835
6.79009
-1.01662
-0.345228
-2.25308
-2.53418
3.10503
5.22931
2.08025
-3.25374
-1.53786
6.26334
1.03644
-1.53898
-1.67036
1.32015
3.70906
4.21614
1.69682
-1.51473
-1.01325
1.27534
-1.28636
-1.82628
-1.23706
1.75742
5.02007
5.25628
4.35415
0.248046
2.91449
3.75581
-2.17916
-3.09652
0.754163
6.22642
-3.58148
1.10782
-0.792271
-2.69186
3.89677
2.02968
4.76006
2.28807
2.58046
-0.219312
2.01919
4.52707
2.49994
-0.457114
-1.71649
6.88053
1.07009
3.02985
6.71475
-2.25077
3.25775
-2.03501
-0.36567
6.18869
0.253902
2.33945
-2.9444
5.48953
-2.39059
-3.7072
0.0618649
-2.24189
-1.37117
2.67898
5.6613
2.48493
0.164532
-3.71062
-2.46446
-2.20837
0.961384
1.98265
6.44804
3.17952
3.13403
-2.29518
4.89849
-3.02995
-2.41233
4.9153
4.41424
-1.93051
6.95527
3.25004
0.486573
-3.16972
2.47819
-2.98682
-3.51103
-2.8204
-0.431228
4.34368
0.221763
1.17088
3.0104
-1.2677
3.68033
5.22825
6.25169
3.08642
0.470921
-2.24098
2.87641
1.80705
3.12937
-3.65126
5.34501
-0.417126
-0.637725
-1.24329
6.95672
5.5927
4.46747
1.7769
2.41222
-0.803144
1.56666
-0.162891
4.29451
-1.23198
-0.945662
4.25558
4.49026
-0.175009
-1.37056
1.98327
5.89162
1.51939
-2.56798
-3.97264
4.82777
-3.70212
-2.60601
5.78213
-1.66885
4.61677
2.96249
-3.34891
4.95408
-3.79971
-3.78139
-3.75183
-2.06142
6.71626
1.2473
0.293847
2.68094
5.54598
0.332391
1.49522
-1.75931
2.25835
-1.87844
2.0889
-0.827304
2.50015
3.09582
4.49319
5.02865
6.47048
6.37262
0.616564
3.59365
0.473265
4.15435
-2.8317
-3.3732
3.70433
1.67762
5.75662
-1.532
5.60617
-0.0213122
-3.19254
3.96109
4.99939
-1.21319
6.86953
3.21148
1.42004
-0.32734
1.3927
2.09309
3.5527
5.21068
-3.0578
2.52693
2.17811
2.49035
3.36378
-1.93681
0.0793033
4.84596
5.08254
-0.688597
1.75162
6.49294
-1.15999
-1.02758
2.4266
-1.09944
4.69926
3.39258
-1.93607
1.48729
-3.09241
3.80519
2.89976
-1.80805
-2.86138
3.75091
3.52546
-1.61721
3.49533
-2.03908
-2.73581
2.17138
-0.612101
0.411479
-0.270691
-3.49753
3.95796
-3.62135
1.96901
-2.87075
0.335145
3.77673
-2.57684
1.02173
4.27079
-3.73858
0.765659
1.43766
-1.31958
0.885181
-2.75165
0.0447879
-3.251
0.443622
0.944706
-3.3302
0.257444
6.87012
2.1127
3.1912
1.52182
5.2611
-2.74719
-1.99109
0.825102
-0.515845
1.20292
2.50769
-2.19639
4.21025
1.63221
1.60205
0.695073
3.09413
-1.89131
5.80398
2.46687
4.62311
-0.346436
-0.547264
1.1412
-0.786899
-0.41257
-1.07026
0.190238
-0.67402
4.75154
2.13269
-1.82219
1.5006
0.657723
2.3564
6.93579
5.89715
6.33955
5.73407
4.47819
5.99362
-0.223959
0.921902
-1.59791
-2.04165
-1.95724
-2.39361
0.527469
2.17058
-3.11722
4.85656
-3.76983
3.50402
1.07522
1.1584
2.15563
-1.39526
4.8916
2.19303
0.306258
2.28542
2.11727
2.90408
4.79592
0.0216384
3.67246
4.95664
6.26873
3.61446
-1.70864
6.94535
1.5616
2.89798
1.44052
2.78695
5.23293
-3.13879
5.35963
3.38085
-1.08971
3.16922
6.03886
1.09902
5.19154
5.15296
5.75197
-2.67303
1.44803
-2.88544
6.37039
-3.81936
-3.8976
1.00198
2.22642
0.444983
1.83709
1.90932
6.00424
2.1828
4.33068
1.8179
-1.47032
-2.71839
-2.02263
-1.36029
-1.32617
-0.00622177
-2.56881
4.03729
-1.20312
0.226159
-1.94258
2.04306
-1.25717
4.77783
3.94353
6.96436
1.99447
-3.85584
-1.11436
6.9889
-3.61045
-1.89677
2.0182
-1.14341
2.74969
5.9824
-1.8435
6.35415
-1.75515
6.11553
2.71323
-1.76706
4.00168
5.19986
1.98517
4.76285
5.27559
-1.08167
6.45579
1.45547
1.16485
0.620064
-3.57774
-2.06692
2.28059
-2.12937
-2.28993
5.16147
5.79112
6.39347
-1.01092
-3.47843
5.94759
-3.79912
6.13559
-1.19511
2.82126
-1.15262
1.86747
6.5149
4.99617
-0.357385
2.43204
2.36161
6.54362
3.68998
2.42382
-3.79469
3.64008
-0.201766
-0.0831771
2.042
2.81828
3.80701
0.453032
5.11617
3.44428
-2.04423
-1.31685
2.74174
4.45508
2.4616
4.03067
-2.51378
4.92969
4.27282
-2.79662
3.18446
-1.75307
-2.86329
4.66687
-2.00628
-1.52345
6.45251
1.3265
0.459018
6.7081
-3.94161
-1.61832
6.89626
1.40584
2.92899
5.56157
-1.70666
-3.77438
3.98657
4.29969
-2.13725
-2.77022
6.85493
-0.141145
6.76679
3.4698
-2.12098
6.64088
-0.736788
5.81442
2.04144
4.4002
4.12659
3.63162
0.637715
-3.92835
1.28805
3.22698
-2.12351
-2.89519
-3.40614
0.0676651
-3.74876
5.51341
2.95559
1.64792
1.62521
4.84342
6.30878
5.70789
4.51562
-2.96042
0.279454
2.79197
1.65086
-3.91227
-3.44012
0.85537
2.20324
6.93179
4.59383
2.50122
-1.05926
-1.93299
-1.76501
5.55358
-3.98382
3.89523
-1.88283
5.27192
3.24789
-2.69028
-2.51931
0.0131149
3.42522
-3.30502
5.44898
-1.9236
2.03162
4.45724
5.75321
-3.88116
2.39214
2.70453
6.03282
-1.46745
1.49204
-0.247669
-1.57556
-0.513525
-3.82376
-0.981027
3.87318
1.45279
0.0861125
-1.70359
3.8404
0.594771
0.309879
-2.85562
1.63623
3.18542
3.35007
-1.2873
4.39755
3.57266
-0.294108
-1.07366
-2.02341
-3.44279
0.0279307
-0.573566
-0.918781
5.05261
2.15373
-0.224993
5.54875
2.92614
1.64083
3.38961
3.1719
-3.89144
5.49652
5.04925
0.750365
-2.62348
-1.84464
-1.81466
-3.99814
5.22409
2.29111
-1.25097
-0.975028
5.70315
1.78873
3.24789
-2.64672
3.62002
3.71234
4.27186
3.07742
3.17582
6.92673
-3.40736
1.42103
5.25386
-3.30859
0.463667
-3.14235
0.461183
-0.899994
1.80332
6.3698
-2.72746
-0.422013
5.22013
1.74591
-1.54991
1.69679
-2.10436
0.061327
-0.274024
6.47135
-0.977176
2.5968
-0.536917
-0.968838
-0.255636
-3.47393
4.58503
-2.39557
0.657595
0.192608
6.15736
1.6713
-1.49703
-0.555129
0.956112
1.3804
4.33231
-3.87261
3.11838
-1.39502
-2.07929
3.29328
1.23778
5.41849
2.55153
-2.49825
1.88184
6.04539
0.934441
0.141093
-1.64325
5.87638
-1.60784
-3.95185
2.1994
-2.61578
6.52608
5.89789
-3.17249
-0.0196507
2.73163
-0.472329
6.56477
-3.8885
0.0619283
-1.17006
5.72891
5.82786
-3.20313
1.95809
0.6251
4.04957
-3.94149
0.434412
0.153483
-2.40783
3.52019
-2.11633
-3.21543
4.27574
2.33997
5.8782
6.85427
-0.311331
6.45866
5.77369
-0.521771
0.601283
-0.235474
5.38593
5.37428
-3.39503
-0.30914
-0.708477
-2.37932
-1.21858
4.2433
-3.89164
2.27555
1.14639
-1.64241
-1.91987
-1.33226
-3.34363
5.60188
4.7344
0.138106
3.14894
6.21097
0.817557
4.67668
-2.04248
6.00353
1.38665
-0.501276
4.05253
1.83269
4.9856
-2.096
-2.46423
1.72776
1.39271
2.32295
5.81754
-0.661005
3.49657
-3.0993
-1.99059
-1.80927
-1.37948
5.99863
-3.99034
4.30198
3.34139
6.76362
5.13451
3.66116
2.13468
-1.37017
-2.47767
6.81822
-1.14423
-0.0443518
5.57849
-3.26871
-0.172563
6.72677
1.79795
4.20079
-3.26146
0.65202
5.49322
4.50558
4.25175
6.20535
5.29695
5.89633
3.62712
2.00622
6.50528
-2.72952
-2.04528
2.91072
6.47091
2.66522
5.39602
-1.12273
-1.79246
6.1334
6.11916
-2.24685
3.16864
-3.61072
4.66236
-0.679701
-2.73775
2.65723
3.06548
0.45916
-1.89016
3.11174
-2.96826
0.531442
2.95012
-2.31383
-0.480696
-2.06007
-3.65195
4.67309
3.65022
5.32018
0.213261
1.27507
5.05849
2.10272
0.450484
6.28301
1.46895
-3.32462
6.07529
-2.52214
-3.6256
-3.38278
-3.36535
3.48712
3.0734
1.63136
-1.72239
6.84373
-1.45937
5.40389
-0.882545
-1.93373
-3.15001
3.81844
5.50636
5.36231
4.41422
-2.29062
4.50703
6.58235
5.61805
1.61138
3.50915
-0.650747
-0.113244
2.71408
1.54455
2.26259
3.31623
1.96241
-3.75613
2.80208
6.58533
0.631644
4.03504
4.98208
4.85905
4.97688
5.40359
5.22478
2.95494
1.67161
3.77117
3.00236
6.58906
-2.6217
6.0739
-3.99968
1.44907
3.52731
-3.57245
-1.1389
1.52521
-3.76131
3.57882
4.1648
-3.27392
0.255334
4.40394
1.05197
6.4674
-1.34091
5.39609
0.111109
0.402917
-1.17634
-0.77024
4.57366
4.52229
-0.932883
-0.957294
6.75727
-2.53332
6.52675
6.09537
4.80791
3.47221
5.44543
4.32662
-0.425859
6.58457
-1.06965
-0.668267
2.43877
5.4397
-3.98121
3.82449
-2.7772
-0.411095
1.72402
4.69074
3.23333
5.55008
3.18257
-0.485696
1.91473
-2.04919
3.25913
-0.843378
-3.64727
6.26058
-1.48697
3.44552
-3.19425
-2.70466
-2.29877
-0.405271
0.610233
-3.80773
4.54285
3.69823
-1.90988
1.63728
-1.20296
2.78243
6.3244
4.12021
6.42487
-1.18879
-0.950151
5.81804
-3.17511
-0.025877
-2.91661
-0.412047
-3.27676
-3.50252
-2.93534
3.65622
-3.98407
-0.192327
4.56118
3.72425
6.45699
-0.363034
6.47686
3.55096
-2.0391
-3.23186
3.04329
1.61137
3.24882
1.87627
0.431319
3.17609
0.575165
0.804214
0.424121
3.20647
5.12823
-2.82241
-1.22778
3.76544
5.80377
-1.0246
-2.48878
-3.97035
-0.709517
2.15232
-1.98327
0.231422
-1.48229
5.19485
5.87002
1.33874
-2.82155
2.24147
0.328944
-1.43306
-3.37505
5.45717
3.61311
-2.51691
-3.65757
-1.69479
-2.30173
4.87204
3.31462
-3.18643
-3.40019
1.03355
4.8946
-2.44161
-3.17265
-2.80484
-2.88411
6.75045
3.82502
6.16919
2.61837
-1.03173
-1.21561
-0.742681
5.7666
1.30677
-1.11806
-0.250086
1.8124
4.93542
1.68628
-2.68145
2.95127
5.9892
2.50382
-1.29296
-2.83872
-0.41765
1.55802
-2.41499
4.26073
3.04409
4.02928
-3.92184
0.6653
-2.30866
-1.56649
-2.06679
4.39944
2.35909
-2.74984
-2.57102
-0.0691586
6.6519
-2.52788
-1.07591
4.22214
3.47798
3.42003
-2.56187
-0.268661
-2.376
-0.357154
6.30765
-2.38878
4.78796
-1.682
3.69426
-2.64354
2.03994
1.2483
6.1384
2.09468
-2.71995
4.75563
4.8305
-1.84384
0.539027
-1.56789
-3.48415
-2.13184
0.118499
3.60393
-2.74975
-1.04016
-0.0147221
-2.43587
5.35522
6.26126
-0.923098
-1.501
-1.28362
0.173709
-3.46883
2.39737
2.52406
-2.20872
5.98518
0.990702
-0.264779
-3.14392
-3.86292
0.908058
-3.27636
3.22998
4.21076
-0.710656
4.99487
-0.233386
-3.52109
4.05559
-1.71102
-0.177953
4.15081
3.69358
-2.93511
-3.41928
-0.886353
0.0740662
4.83523
0.72438
0.665138
5.97159
3.47367
-2.98352
-3.02521
0.350884
4.3054
5.86031
3.29535
2.99931
-0.525534
3.35014
-0.200152
5.04862
1.19676
-2.12158
-3.44225
-1.84075
-2.56924
-3.23198
1.13158
2.40201
3.55919
4.24314
4.50931
0.891484
4.17494
2.23528
6.40825
5.51155
4.60977
6.41805
5.19099
6.97429
3.94402
4.22797
2.53577
-3.37551
-2.11686
-1.13367
1.3877
6.00807
0.549068
2.19403
6.06834
1.55395
6.28245
3.07222
3.83004
2.5452
1.19696
1.39081
3.27016
-2.48381
2.56481
0.843732
4.60585
6.50828
3.5766
-0.00217772
-0.600619
6.40534
0.529145
-2.658
0.991165
-3.49472
-3.77016
-2.12102
6.05228
6.70078
5.00496
4.34096
-1.42543
3.86307
-3.45283
-3.74105
3.22686
6.83942
3.18624
6.12939
4.69403
3.52915
5.37848
1.0888
-1.61831
6.9981
-2.89292
1.62105
0.975736
1.1934
-3.45849
0.178162
5.36625
4.54688
5.38843
3.36747
5.0241
-3.88116
2.35667
0.575274
2.6295
-1.06985
6.99092
-2.5707
5.21824
2.87158
-2.39507
-2.00923
3.84176
1.45779
-3.84884
6.61561
3.55227
-2.00651
5.66087
6.2562
1.9965
-2.7436
3.30364
-0.74123
-2.8446
-0.165534
3.87754
-2.11488
-0.808294
2.99647
6.71885
0.630661
-1.49278
4.77109
0.716765
4.66583
2.62565
0.368628
5.52284
-3.66271
-0.209532
1.3937
-3.08371
-3.86865
3.65343
4.16788
4.47318
-1.22708
4.43332
-0.268616
-1.63046
0.932544
1.27064
-3.37721
2.195
0.370093
-2.8356
-2.99061
-1.18444
6.09356
-3.4537
3.69828
-0.961082
-1.90512
4.58585
0.396574
2.22935
5.76133
0.69074
-3.7403
4.83243
-2.42749
3.16525
5.34032
-2.15673
-0.200516
-1.06928
5.58161
5.17564
1.91503
2.87869
-3.84103
5.80335
2.86694
-3.31562
3.38366
2.13516
6.65359
3.95657
6.01785
0.0613227
-0.351678
-0.646581
3.90682
5.87019
4.34655
4.51812
5.96768
3.83034
-3.39391
-3.41848
1.54998
5.54336
0.319191
-0.353183
-3.94337
1.75955
-3.18808
1.99899
6.08222
3.91871
-3.17746
4.44613
6.09445
0.502384
-1.4301
2.23116
3.07588
-0.682196
-0.663781
0.832316
-0.26884
5.61214
1.29815
-3.06652
-1.0123
6.30816
6.15953
5.27938
-3.54685
0.0075984
-1.29231
-2.88359
4.49513
4.73108
-0.802527
0.922174
2.98226
-1.23419
5.90062
-1.24611
3.63568
2.90352
6.42717
4.4239
6.43139
-1.65003
1.92801
1.04649
2.35741
1.96441
-3.18341
3.39958
5.69111
-2.56665
-3.60877
4.452
5.77286
-3.47809
0.761341
5.86296
3.74873
-0.0724597
6.16866
4.70831
1.53722
0.0600476
0.217579
-3.15187
5.49879
-0.861149
5.6723
0.271132
5.91826
-1.77337
-3.0803
-1.67342
4.78224
1.19656
5.51703
-2.26457
2.45139
-2.50765
-2.09661
-1.74416
3.97457
0.557615
2.83332
3.58396
2.66671
-2.55978
1.77395
-3.14036
1.00661
3.02523
6.11334
-1.1415
1.86937
5.53722
-3.91063
2.08967
1.10127
-0.939167
3.41769
2.11237
-2.45269
-2.37564
5.55026
6.21398
-3.69114
6.03539
-2.17629
1.05873
-0.943819
2.23801
-2.71091
2.74849
-3.08571
6.43243
4.87756
-2.82933
3.47944
6.01226
5.02756
-0.823916
4.45209
-3.75904
-2.22518
4.47449
-1.16934
6.82543
-1.05141
-2.06109
1.18849
1.99492
3.55755
-1.31222
3.52945
-0.528692
5.27906
2.16618
0.0224986
-3.86682
1.27549
1.17771
-3.20598
-1.94621
-3.91774
3.52263
5.80443
-1.02479
5.37323
0.953492
1.33655
4.38192
4.99289
-0.454336
0.978841
-1.61338
1.97609
6.22211
1.02048
5.24709
3.77342
-3.12077
0.182374
-0.83535
-0.732439
1.89533
1.83727
4.91008
4.69681
6.35301
1.12967
3.301
-1.01494
5.94018
3.57165
4.75045
5.88522
3.82632
5.9789
5.44644
-0.702786
5.27242
0.586747
-2.54469
2.3506
-2.52702
2.32687
5.76674
3.64076
0.212657
2.1247
6.91339
3.31373
3.91379
2.01105
-0.334001
-0.557354
-3.44606
0.0800877
-3.96883
2.89883
4.68739
1.96727
0.982084
-2.11544
0.790068
4.67695
2.42421
2.77613
-0.521441
6.13662
5.10133
-3.90465
3.47714
0.29067
4.2977
-2.6039
-2.76761
6.71248
3.68373
-3.5278
1.33477
-3.48616
-2.92951
2.73036
0.134377
6.4678
5.27494
-1.02853
-2.55309
4.20164
-0.113074
5.56082
-3.295
-2.12433
5.33927
2.11905
-0.198568
-1.33035
6.80085
3.86841
-1.57507
-3.12276
-0.188028
-0.181022
-3.44064
3.19953
-1.48584
0.535128
-1.11368
-3.53909
-1.41599
-2.52581
0.719974
3.59747
-1.37165
5.73356
6.92032
-1.10543
3.0468
5.59675
6.54207
-0.467284
3.35444
6.11989
-0.996235
1.26842
3.40011
3.71386
-3.12298
-3.92339
-3.40501
-2.99321
-0.876783
6.89986
6.91364
-3.52106
4.58771
-1.32527
4.18351
3.23193
4.07082
1.31893
5.19122
-0.195388
-2.884
-2.46008
5.41413
6.30369
-2.86356
0.0660396
1.92651
-2.17936
4.46866
-0.287221
4.67382
4.96592
-2.7118
-1.16205
-2.53894
0.107561
6.78167
0.611273
2.6633
6.16192
1.37152
-1.91953
4.39161
2.73849
4.8435
-3.28106
1.18656
2.48257
4.62035
-2.71971
-2.14184
-2.85019
4.93242
6.18628
3.82136
-0.392433
-3.62629
6.92989
5.70409
6.65815
3.44784
2.93102
6.61277
-0.151869
2.52959
2.74005
-2.02076
-2.9406
3.35734
-0.168975
1.04026
-3.34076
-1.1864
6.2131
3.59771
2.63886
2.30003
5.5336
1.27492
2.6261
-3.05261
1.84998
-1.4261
3.60817
2.47402
3.89084
1.39704
-1.87275
-1.32668
2.48997
-3.00482
2.02962
3.82684
3.72221
5.20184
2.33896
-0.146199
-1.16631
2.89991
0.714046
2.98007
6.09962
-0.717628
-2.17835
-0.593123
0.370768
-2.50762
-1.48606
-3.21823
1.25696
-2.22829
-3.92896
2.02801
-1.28869
3.03451
-2.95483
6.12184
-1.22933
-0.264748
-2.61808
0.89799
3.51845
1.5087
4.79512
-2.35943
3.12302
-0.442534
1.33353
-2.3748
-2.20683
4.83618
5.72172
5.98177
-1.32608
1.56148
0.765534
-0.660617
-0.995191
-3.16851
0.772033
-1.44986
0.134268
4.64088
1.27752
2.2655
-2.71204
5.81264
5.0251
1.88901
5.63527
5.03636
4.04188
-1.1544
4.91828
-0.402059
-0.401484
-1.73452
0.979104
2.80537
6.81667
5.72021
2.50902
-1.96897
-1.52686
4.12841
1.16492
1.8775
-0.927469
2.01778
2.76268
4.4516
-0.993299
6.63178
0.269723
4.22981
0.357903
1.26635
1.49843
-2.92082
5.6983
-2.72805
0.632518
-3.26568
6.70425
-2.62615
-2.7289
-2.55581
2.45665
-2.11709
6.05349
4.93961
5.9628
-1.16355
5.18408
0.750902
6.40487
3.64855
-0.871478
-2.92031
3.38659
-3.55176
5.52445
1.46392
0.130288
3.75433
5.95795
5.21119
5.45496
-0.557827
-0.401728
5.15615
4.35345
-0.59192
-1.39755
-0.643771
-3.85824
2.6437
6.72831
5.71967
4.5089
5.12618
6.75396
-3.13975
0.226615
5.72512
-2.96591
6.92272
6.23698
-2.14203
4.97214
2.82814
4.55776
1.23615
-0.0789347
-3.65408
1.82777
-0.627117
1.05215
-1.49646
-1.96599
4.65797
2.46734
1.5267
-0.806475
0.57704
-0.684671
1.73208
-2.97491
-1.31186
-1.4136
4.67016
-1.67241
-0.15832
4.11181
-2.84918
-0.143307
3.44393
3.15124
0.841047
3.47606
4.16363
-0.818773
2.8847
-1.81202
-3.59168
5.58328
0.131403
0.499662
-3.17724
-2.94575
4.77708
2.42363
3.91236
0.115717
0.858921
6.87382
-1.77315
0.740631
-1.21526
5.12341
4.15341
3.40831
-1.54333
2.2446
-1.92763
0.239572
3.47865
3.67432
3.38287
-0.0821598
-2.86224
0.331943
4.96071
-2.3718
4.21423
2.51171
-0.72546
-1.80661
-0.775277
-3.07689
0.729622
0.765489
-1.43104
-2.44352
-2.20083
6.7117
1.47605
6.01092
4.6159
-0.486345
2.00661
2.05398
6.25163
2.19685
-1.50869
1.39128
0.326464
0.884547
-2.42862
6.11653
-2.4553
-2.2845
-2.63636
1.76007
5.53362
1.57856
1.89767
-2.83292
-1.90085
-0.655586
6.56772
1.664
-3.19474
0.0597019
5.40753
5.40342
2.28696
5.95772
1.32379
-1.0221
6.50061
6.78449
4.00549
3.2308
-3.88802
-2.89674
3.43497
6.50689
2.2443
4.01922
3.07743
3.36874
4.46475
0.0194325
-0.394568
4.49903
4.25431
5.1605
0.551782
3.79688
6.21458
6.51303
6.50279
-0.600713
4.81508
3.1029
2.38537
-1.04644
4.46478
0.474849
-2.21068
6.17273
-3.89452
-2.11395
3.78683
2.3231
-2.64754
0.770886
1.2824
-3.61482
1.65377
0.976387
1.13648
-3.1139
5.71902
4.65751
5.74678
-1.87055
2.65529
3.3949
4.09097
-1.12605
-2.54791
3.22224
6.26797
1.82217
4.19819
-3.02104
4.41717
3.45523
6.02295
-2.20279
6.70683
-3.26569
6.6049
-0.366834
-2.38286
5.33941
4.50934
1.415
2.86913
0.430891
6.97423
2.84483
-0.991297
-3.72053
-3.86923
4.79018
2.48653
5.06544
-2.18369
-2.27254
0.446181
-0.0314417
2.56333
-2.13848
-1.51156
-2.74968
0.212448
-1.39173
-1.80405
-1.69116
3.65761
-2.50533
3.98983
4.01431
-2.43654
5.12917
1.90487
-2.8856
3.79492
6.25147
-0.474609
1.25116
-0.684999
-3.76822
-2.41704
2.82376
-3.13981
-0.816624
6.00103
3.35585
-3.22256
5.42976
5.03636
4.01889
-2.48089
-3.29455
5.5425
-3.13886
4.18235
5.80907
-0.0203056
2.72312
-0.472829
-1.83659
1.50514
-0.0720775
1.59012
-1.8519
-2.85197
-3.09321
1.4082
-1.32908
6.13595
4.8504
2.58032
-2.55468
-0.462178
1.16575
4.67653
6.39754
1.51918
4.90819
5.87517
0.0202389
2.15868
5.87981
0.970572
2.39861
1.42027
3.39717
-1.69469
-0.623315
-1.06007
6.4096
6.08626
5.73048
-0.855186
6.89482
-0.829891
3.01736
5.69486
5.43742
1.70794
-1.67071
6.36573
5.78678
-0.647064
6.7967
0.179541
6.5534
3.02566
2.25408
3.27872
-1.61268
2.62434
0.252952
-2.64352
2.37388
3.83418
6.06189
3.23716
3.9253
-2.47485
-0.822774
1.63476
0.437368
5.84329
3.16599
6.84534
3.57885
4.76131
1.40476
6.73739
4.25835
-3.96196
-2.68237
-1.6473
3.78595
-1.59613
5.76075
1.9685
-0.373777
1.92138
-0.426021
3.85948
2.26174
0.0921769
1.21474
3.08424
-3.25613
2.17139
-0.398426
5.65617
4.26582
0.568368
-3.43093
1.40236
-0.618879
-3.50625
0.485617
2.76217
6.79688
3.12752
-1.71332
5.14919
-2.62478
-1.68767
-3.59909
2.06106
4.26245
-1.02844
-1.04893
6.71221
-0.814991
0.446975
2.30589
5.07961
4.93815
3.48671
-3.86374
-1.83329
1.83213
6.53979
5.31673
-2.63969
0.710535
-1.04146
0.101787
-2.27066
-1.06509
-0.921559
2.35073
-0.317952
5.18295
3.92499
3.22699
-1.90691
-3.45536
-2.27324
-0.331284
1.1173
4.42786
6.96239
1.90783
2.83253
1.40401
5.11228
4.0754
1.31254
-3.14269
5.88367
-0.225479
-2.61878
0.142736
3.97143
2.78114
6.54507
6.05338
3.1114
2.26164
-1.5444
6.34786
2.45531
-2.58522
3.21438
6.04612
2.15647
1.86487
6.89694
1.9376
-2.71707
-1.77644
0.330226
-1.88842
-0.600334
0.189449
-2.92018
5.51896
-2.89754
0.994932
4.82022
1.35903
-2.84473
-2.31296
3.01308
-0.125606
3.93391
-0.809197
-1.17854
6.34068
2.89074
0.706071
0.941205
3.8318
-0.916179
4.7731
1.48886
1.32002
1.53262
-0.258901
-3.34283
-2.98856
0.212929
6.69626
6.02927
5.00574
6.54615
2.0753
1.54383
1.23796
-2.62991
0.0552578
-3.28507
-0.100659
5.21748
1.10718
-0.687571
-2.99826
2.3264
-2.20253
0.104141
4.29288
4.50002
-1.12101
5.15162
5.30993
3.90331
1.98709
3.98912
3.11202
1.68448
0.0888042
-0.463861
5.89635
3.97811
5.0814
2.13717
-3.64705
-1.03299
-0.426651
4.28082
-0.28882
-0.198069
-3.95043
4.12521
2.39944
4.42204
-2.79141
2.76259
2.85385
-3.30121
3.56086
-0.696059
-2.66894
4.05897
0.154992
0.945344
-3.60278
6.07828
3.70633
2.29958
-2.01012
-0.157539
6.23452
0.506335
-1.03142
3.87963
-0.0387766
0.277539
3.59541
-2.99965
0.843786
5.50411
0.626371
3.42185
6.10806
-1.77371
2.22699
-0.972074
0.361014
-1.44315
2.94772
1.29728
4.37367
-1.73108
3.68019
3.01066
3.15095
-3.92602
-3.58531
2.69507
1.00992
3.76209
4.49071
-3.60855
-2.95236
3.65272
3.25267
0.55685
0.983774
4.29187
-1.55261
0.270074
-0.861144
5.75563
3.8855
-0.396267
-2.06677
4.82524
-2.19601
-0.286681
2.74806
0.66516
6.34539
4.98151
6.23788
2.02239
3.37968
1.23406
-2.19473
-0.76804
-2.44575
4.27656
5.17636
3.16461
5.61548
2.4299
-0.68697
-3.90161
-0.403873
2.11153
5.46633
3.65052
-0.632879
3.19747
-3.05444
4.01717
1.51451
3.34722
5.6624
-1.11427
-2.52717
-0.125057
2.16156
-0.706238
2.25418
4.94413
4.97094
4.65887
6.70777
1.56077
-0.206064
4.69329
2.07932
3.11584
-0.0999076
6.84973
0.38412
1.90559
-1.79037
-2.78808
3.71863
0.0785217
2.71439
6.69472
2.09869
-1.33468
0.0576739
4.32276
0.551522
-0.563837
-2.40483
-0.927206
6.44633
-3.44836
5.47877
3.6425
-3.49417
5.54427
4.47294
5.63681
-2.18311
-3.59171
5.11322
-2.02815
4.84401
5.29583
-1.94603
-0.911649
3.92398
-2.70253
0.573583
-3.79641
-3.26096
-1.92045
-0.0380564
1.38378
6.21761
2.3598
-1.8237
-1.89639
-2.69938
-1.47242
6.03195
5.90955
5.73715
1.367
-0.865604
-3.20462
-1.0794
0.587833
4.70683
-1.29288
-1.35737
3.66028
-1.73341
-2.49397
-3.15488
-1.018
-1.5069
-1.44482
-3.14889
0.55861
-2.44377
4.50586
-1.97275
1.06446
-3.69194
3.49248
5.07281
0.741491
2.23625
0.622283
0.714926
6.75666
-1.84794
-2.33345
-0.338126
-3.87776
4.48147
6.12707
-1.27851
-1.95989
-2.88616
5.25261
-2.32826
-1.0193
-1.38083
5.32802
0.0248938
3.3876
2.33885
-1.96192
6.93531
-2.29045
-3.57521
-3.55177
5.34943
-3.11563
-1.47153
-1.03857
4.68422
3.62691
-1.6038
-2.00949
-0.507252
2.61891
-2.90351
-0.300248
5.72441
-3.77988
-0.42078
3.95828
1.81463
-1.43487
-0.815295
6.33323
-1.48488
5.56208
6.94195
-0.626215
5.20392
4.21447
6.62612
4.26822
-3.02147
-2.89712
-2.94697
6.20139
4.68477
1.897
-3.17141
-3.92912
-0.644143
0.895845
0.46496
-3.41073
-0.063262
6.75465
-2.66102
5.2805
4.40544
4.25768
6.77789
2.98262
4.97342
2.20189
6.20487
-2.67378
-0.237853
-1.59085
6.61396
-2.15659
2.163
1.55351
-1.14472
2.76358
-2.57588
6.23921
2.3508
0.874654
-3.69427
-2.6692
-0.289953
2.76303
-0.797672
5.52651
3.11087
4.34151
-3.26458
3.15947
-3.86715
6.82487
0.605923
0.756612
3.37996
6.06913
3.93002
-0.0892251
-0.604799
2.14646
-1.37104
4.9992
6.48551
5.99435
1.04129
2.99735
-0.605124
-3.3144
1.87421
-1.12558
5.43866
0.588911
0.831113
1.52229
2.18095
6.25983
-2.96332
6.53285
-1.37378
2.85673
1.07185
-0.440482
2.81165
2.4348
4.61186
-2.50429
-0.678694
3.18308
-2.96175
-0.0709891
-2.11342
1.79461
3.00344
2.80925
6.05752
6.79984
-2.1014
5.74889
0.679996
2.69337
5.54407
1.20212
-0.0302269
0.973819
1.9692
0.431064
-1.10818
0.816869
4.11676
3.46215
1.4292
-0.414753
6.24901
2.04324
1.72344
5.89214
-0.814351
0.197902
-3.86529
4.9986
-3.54863
3.1854
2.99134
-2.58489
-2.28361
1.42656
-0.745969
5.49411
-2.40748
-1.56482
4.11858
0.908163
-1.50351
0.56436
6.19516
-0.906823
-2.97221
0.0583782
5.16651
2.52785
6.54872
1.26091
-1.80809
-3.55157
-2.17201
6.95891
-1.5964
1.35096
4.60716
6.54062
-2.87141
0.275757
6.64907
4.8316
5.73086
5.61698
5.56794
6.3478
1.4583
4.68441
6.89678
-0.852835
2.40533
4.43517
-2.16376
2.68246
-1.9655
1.76085
-3.38293
5.14053
5.89326
-3.98628
6.54867
0.481627
1.71127
-0.684708
1.11705
0.259546
-1.8005
3.02444
3.68957
6.63889
-1.11244
6.2069
-1.67793
5.95016
6.31667
6.33505
-3.73971
3.66133
4.93451
-2.77877
6.2815
-1.76628
6.07282
-0.147116
5.41359
-2.84717
0.682253
-3.36725
4.59816
-1.74743
3.94339
4.54798
1.96546
3.51214
5.57471
-0.83012
-0.821314
4.17206
-2.10541
4.44988
3.18745
4.48298
-1.60954
0.465471
5.17486
-0.0573668
6.83794
0.202904
3.20208
-2.61548
0.578021
4.80321
1.5742
5.55781
1.04892
-0.879636
2.95863
-2.35603
5.25049
5.96365
2.08694
-0.86514
4.58971
-0.67542
3.21744
2.58376
0.328234
-2.37099
6.72288
2.39017
2.55168
0.0430408
0.385488
2.89396
-0.239873
-2.54201
3.37518
2.68667
2.87551
-2.29521
4.39495
3.9603
2.69684
-2.17554
2.70295
1.4544
5.15171
6.77303
-1.76488
-3.37595
1.33803
-3.71678
4.00957
5.84458
2.90063
1.96294
5.14154
0.877279
-3.56916
-0.830425
5.05021
5.95871
-3.91654
1.73279
-2.06065
-2.3116
3.9473
4.31494
1.14675
4.44709
0.213097
-1.4768
-1.60088
2.93736
3.18435
-3.66918
1.13465
-0.917352
-3.94213
0.672121
2.3318
0.534245
6.04698
5.60695
2.00076
2.71855
-0.255867
3.65305
-2.25711
6.70985
3.38411
-1.26464
0.262735
-3.20384
1.07826
-2.60889
1.35208
1.47431
-1.2089
1.96849
-0.512813
-2.84743
-3.75457
6.93989
-2.34823
4.28223
1.46713
-0.94746
-3.95678
-3.6479
6.68717
-3.77568
4.16644
2.39482
3.82313
-3.72158
0.412313
2.73547
-1.89342
3.30982
4.15854
1.61029
-3.88339
-2.05514
2.22041
-1.5774
1.64462
1.1907
6.03387
5.32065
-2.89848
-3.73596
0.707576
4.23989
4.81121
3.99858
-2.88601
-3.14557
1.35711
-2.07478
2.18632
-2.46604
4.25471
0.9939
-1.51695
5.69382
-0.88898
-0.092804
5.24235
1.22982
3.571
4.77724
5.12014
4.20497
0.884637
-0.907327
-0.436671
0.86283
6.58679
3.19202
4.26567
-1.88683
3.98109
0.212335
-3.29312
-3.38353
6.01823
6.44266
0.825414
4.73135
3.71298
4.09596
5.78455
6.00457
-3.18131
5.66499
-1.4555
4.36943
3.96078
-0.228168
-3.82648
-2.66059
1.52507
4.80595
3.63583
5.31766
1.83637
0.952792
0.568382
-3.20244
2.51654
3.5229
-0.674297
0.0923462
4.05666
5.2174
-0.0959325
-3.33405
1.57359
6.33487
4.1539
0.603222
-0.640744
3.02142
-2.961
1.48619
0.453063
5.62152
4.83926
2.39143
1.72217
6.52226
-3.35026
4.13246
3.32544
2.65515
1.04998
6.00196
-3.08148
0.61686
-2.43189
6.15448
-2.59165
5.10945
0.548438
2.60108
5.32977
-3.47161
-0.377861
-0.719779
5.66614
6.89238
2.19701
1.10199
0.108965
-2.62818
-3.8977
-0.597404
5.42711
4.45255
4.01343
4.66222
-3.05716
2.23912
4.89487
2.163
1.55885
0.564056
1.08641
2.22351
6.58646
-2.31904
-0.0409181
-2.70854
-1.38905
-0.829398
0.311444
1.44429
0.24488
4.68905
-3.19766
5.99095
-1.11665
1.38301
4.31435
2.19233
-0.517953
-1.24105
0.751204
0.487713
4.99659
6.76063
-1.13348
4.6017
2.71076
0.697497
-0.166843
3.86035
5.99029
-1.23433
3.69344
5.72995
1.33393
4.31061
5.47641
-3.00791
5.00281
1.28025
4.11423
4.82536
-0.131481
4.19799
4.63161
-0.55789
-1.45229
3.44423
-2.81577
0.424922
5.65787
-0.192229
6.2018
0.596164
1.73387
5.08817
5.87453
0.308311
3.78266
-1.85786
6.91096
6.47906
-3.36118
-3.4279
-2.79607
1.42391
-1.42267
6.26664
1.45606
-0.0458498
2.40085
6.11532
-0.895408
1.86882
-3.78952
2.58648
1.93797
3.52851
5.61464
-0.777372
5.71391
6.71216
-1.65755
-3.51668
1.10372
-3.81765
2.81567
3.99759
2.45401
-2.37212
-1.18104
-2.6933
1.63358
2.55194
4.47427
6.02883
-2.41746
6.79562
4.00567
6.31481
-3.02799
-2.35272
5.8954
-0.96491
-0.231446
-3.90862
2.75571
-2.84465
-0.995528
2.16357
0.185095
0.886565
-1.50182
6.87818
5.50207
-0.774873
3.70795
-3.39954
0.887012
5.99998
-3.33729
2.11594
2.67743
1.55526
6.33037
5.51595
1.51818
-1.0327
4.3628
2.54026
6.21097
0.712613
0.886479
-2.95425
4.96391
-3.48923
0.474995
0.231269
6.9357
4.30009
4.60696
3.15642
-0.126377
1.97839
0.74552
3.95047
2.5891
2.05448
3.67572
4.78895
3.90317
-0.448916
4.06333
-3.57815
2.07902
-1.91044
3.17564
3.97729
2.2618
0.999308
1.36515
1.03032
5.50471
-0.37642
1.50398
2.4565
6.43855
-2.22312
6.01856
0.977651
0.374558
6.19412
3.63523
6.3399
0.757187
2.03918
-0.439656
5.70702
0.858443
-1.14082
2.16568
2.57681
4.36524
-0.362665
1.6849
-3.91319
2.97017
4.68443
-3.79588
5.63611
-2.97366
-2.37415
-2.39435
-0.790297
-2.52343
-3.22172
-2.41307
3.53055
-3.98016
-0.505352
1.55781
5.12841
0.149678
-0.358115
1.15336
5.56732
6.93211
-1.0809
-2.63621
4.20331
6.00032
2.44805
-3.70414
-3.55675
-1.22207
0.732704
-2.44497
6.41597
3.23352
-2.26175
5.81056
3.16517
4.00843
-2.38906
0.130148
1.39262
0.720383
-0.517653
3.8152
6.00231
2.81733
-1.16838
1.09989
-2.11323
4.87009
3.61882
5.49908
4.04797
2.14452
-1.02371
1.58946
-1.9254
4.7262
5.20323
3.7125
6.90501
5.44009
2.56405
-1.07098
-1.00141
2.36343
4.22681
5.00994
0.0222254
2.54371
-1.79885
-2.33928
0.770156
0.0181012
-0.774196
4.08923
2.74581
6.76986
0.112126
6.50023
0.381805
6.99331
4.56156
-0.891742
-2.51153
-1.32369
-2.31728
-3.54965
-2.93602
3.2968
5.38717
4.08609
4.9175
-2.56161
3.9631
5.76374
-2.78142
5.72723
-0.479674
4.11481
3.57721
-0.75901
6.31958
0.162238
1.73911
5.16786
3.21215
1.59307
3.729
-1.62647
1.98388
4.9868
-3.80845
3.44789
3.62198
3.55794
5.21961
3.91513
2.62837
2.00996
3.44039
-1.39227
0.193511
-0.662728
-3.47635
-2.99257
-1.18035
-2.16894
3.55277
6.41129
1.62813
-1.08301
5.86025
2.18118
-0.983281
-1.01041
5.00006
-1.0096
-3.41906
2.8311
-0.660406
2.56283
0.409193
5.308
4.61446
-2.75703
-2.35279
4.6539
0.06422
4.34069
4.9623
2.35607
1.44067
5.26996
3.17467
-1.28306
-1.38221
4.18012
1.33966
1.63825
4.01666
4.03533
-1.27091
4.78907
5.829
5.05461
2.86496
-3.54018
2.11313
-0.623464
-3.55565
6.21817
0.72838
1.88021
0.721355
4.81699
2.14743
3.78282
0.808519
6.78308
2.16749
0.069561
6.10774
3.84704
2.14829
-3.64455
-2.88226
4.84816
-1.95607
6.40348
2.36101
-3.45393
-0.179816
5.82875
0.812438
6.64843
5.17339
-2.76978
3.35424
2.68283
4.34257
3.61271
1.77358
1.52281
-0.115084
4.77478
-3.34953
5.48002
2.65226
-3.4065
4.94201
2.41368
1.76136
5.24924
6.9278
3.58382
0.304574
6.96808
-1.51318
2.99413
0.264544
5.20154
-2.79864
2.26739
6.98676
4.39676
1.25935
4.87909
0.802438
3.57558
4.73392
3.05941
-2.41749
6.17319
3.80538
6.02353
-3.47298
-1.33111
5.07131
-2.42324
-2.34238
3.64822
4.62969
0.235129
5.8204
3.4896
0.665144
6.08273
1.4418
2.36766
-1.73468
-1.82158
0.744805
2.94091
-3.1468
2.68757
-3.95172
4.46314
6.03175
2.5875
-2.8447
-1.9129
5.8302
3.15165
-3.2473
-3.34632
4.35819
2.12033
-0.581526
-2.69955
6.63797
5.3075
-3.90949
-0.771303
-2.28856
6.11842
-3.7826
-2.11583
5.16535
5.06926
6.98758
-3.67318
-0.209989
4.7248
3.66845
3.58824
-2.43784
5.20728
5.74568
1.69438
1.47455
2.76923
4.49467
-3.08315
5.55598
3.29944
5.67534
-3.61685
0.538951
-2.84908
1.51685
-1.2343
4.1746
-3.45837
2.19353
-2.33793
1.4734
5.3839
4.25877
3.20418
-0.422038
4.80991
4.19274
4.39713
-3.44988
1.90089
-3.68442
-2.11758
-2.22278
0.701712
4.66866
6.20169
-1.17798
4.69575
-0.571108
-3.60657
-2.6312
0.362628
3.69218
6.42602
-3.86458
5.97562
5.25315
6.74538
6.55153
4.49474
-1.84448
0.77863
-0.557428
6.31442
1.38828
4.77145
6.80824
-3.92214
6.64926
-2.85014
5.64843
6.1839
-3.11453
6.13219
-3.35004
-3.15103
-2.32511
-3.0455
0.238126
1.17999
2.06734
-0.306238
4.05621
-2.36128
5.02384
2.74099
2.80104
0.114987
-0.412099
6.85502
1.35295
4.98824
-1.69617
-3.51755
-2.42966
-0.333321
-0.133116
-1.28979
6.48055
-0.326108
0.0957232
5.82022
0.511054
1.27681
1.32042
-2.70811
5.87798
3.2161
2.03247
-3.23141
-0.326632
2.30025
-1.76607
-1.39577
-3.66635
4.64707
6.26536
1.91512
4.3968
2.06989
-1.40988
1.06763
5.67649
4.77287
-2.43245
-3.24182
0.797593
-0.86235
-3.5067
3.91968
2.02547
-0.00261569
3.03739
1.41186
5.04874
3.21565
5.49778
4.26227
-3.99407
-3.39991
5.69869
3.80782
3.02324
5.53933
-1.44273
-0.911283
-0.941761
3.82659
-0.508513
3.42509
5.50312
5.97604
1.24986
-0.524325
1.66473
-1.95652
-1.19637
3.53953
3.95311
2.94038
-1.05928
-2.25712
6.5975
-3.84084
-1.97904
5.34009
4.92247
3.91914
4.06564
2.24907
-3.82559
1.27458
-3.20383
1.26517
3.64503
5.96278
-1.50189
5.80549
5.93282
0.959667
6.12087
4.5229
-1.65907
4.06488
0.464613
1.75056
-0.330888
-3.23948
-3.87759
-3.59439
4.06471
-2.4844
3.6543
-3.19432
-3.90244
-3.23648
2.4894
-1.58191
2.89596
0.372098
-2.15097
-2.40274
1.07744
5.59216
6.47399
-0.715435
1.69075
6.40536
0.8822
2.14316
-1.89715
6.67138
5.89268
-2.65316
5.28196
6.96702
2.74512
6.27219
6.73679
5.25503
5.2249
4.84143
5.93468
