0.881169
-0.171205
2.44583
2.3714
2.2208
1.10029
1.61386
2.152
3.15546
1.25712
0.470978
2.41687
-0.484608
1.74674
1.59817
1.39232
0.590526
-0.332337
2.71972
3.10754
2.64692
3.12364
2.1686
1.90777
2.12881
1.10818
0.405252
2.38036
0.132274
1.40247
1.24683
1.62489
1.43045
-0.354709
3.08284
1.94143
2.10805
1.86878
0.991811
0.721347
1.92247
-0.768592
0.944936
0.788848
1.29749
1.87905
1.62994
0.24095
1.26197
1.56971
0.266902
1.47469
1.72449
0.168318
2.05506
2.0116
0.895096
0.0318949
1.67533
1.89965
-0.665464
1.05048
1.90681
2.30859
3.43831
-0.119715
0.472286
1.00175
3.6744
1.52108
1.27134
-0.23274
2.75274
1.62647
2.50072
1.56044
0.312072
1.42755
0.123733
1.99054
3.24599
2.12869
1.23931
2.71541
0.887217
1.89585
1.38173
0.50908
2.59551
1.63369
0.879744
0.748866
0.528966
0.406728
1.73931
2.0653
1.60039
3.46348
1.99188
2.89051
1.74053
1.84708
0.956275
1.47267
2.15755
1.69557
1.46741
1.14759
0.324747
1.17617
2.10258
-0.18591
1.4193
0.974304
1.42884
1.74336
2.5026
1.57951
-0.0664284
0.343752
2.05613
1.9899
0.415877
1.65105
1.26427
2.60908
2.49171
1.48
1.48854
1.27486
1.67752
2.25124
2.12198
1.3271
1.66343
0.656035
1.00842
0.974445
2.63608
1.67046
2.2961
1.66824
-0.0206852
1.49007
0.655838
2.85117
1.32901
1.88287
0.892387
0.86085
-0.388432
-0.244341
1.4636
1.06879
3.0065
2.03345
2.43195
2.07742
2.36793
2.62305
1.45656
1.63971
2.59292
2.07885
0.470592
1.54202
0.0524956
0.547448
0.848398
1.69298
0.801864
1.93127
2.27912
1.61163
2.34894
0.173897
3.71296
3.02145
2.00957
1.85016
0.548677
2.73515
2.71694
2.94978
2.36003
1.3385
2.58299
1.58952
2.61138
0.874931
2.4274
0.83624
0.99679
0.255888
1.18406
2.63558
2.11043
1.83205
1.70875
-0.729799
1.70569
1.64557
2.53617
0.857808
1.01389
2.31147
0.990914
0.569072
3.30617
1.84532
0.79978
1.78515
1.64207
1.88644
0.70269
1.36888
2.81698
-0.438043
0.930103
0.209771
1.85878
1.2578
-0.738078
2.89481
0.81058
2.12705
0.68355
2.32704
1.44567
2.751
1.47679
0.0880465
2.4133
0.435234
2.05467
0.334987
1.02028
0.966358
2.62141
1.18872
-0.615234
-0.351128
2.22195
-0.543871
0.621246
2.44472
1.53962
1.00503
2.16513
2.38266
1.16961
2.15013
0.967988
1.08508
2.01286
1.06626
1.22486
1.56888
1.92863
2.0706
1.39847
0.302172
1.04145
1.25931
0.165315
1.55889
0.195014
1.63213
2.17173
0.812734
1.78078
2.40215
2.19823
2.3612
0.453998
0.370091
0.491597
2.53141
3.64493
-1.41653
0.202305
1.72542
1.24763
0.528466
1.27292
0.2303
0.829067
2.12495
0.794075
2.16853
0.395848
0.728461
1.24549
2.80157
0.576251
1.10401
1.39473
1.8371
2.22789
1.16678
-1.48207
2.39591
-0.081081
1.56289
3.36616
1.11971
1.29847
0.865187
0.985281
3.33841
1.15974
0.954308
2.70503
1.15487
1.1581
0.770199
-0.305734
1.16823
0.491272
1.42786
1.90054
1.9609
0.669388
2.10881
2.03519
2.79755
2.37507
1.18602
0.737781
0.954221
0.0516902
2.81999
-0.18278
2.00963
1.78972
0.666656
2.89645
2.30094
1.80664
1.33654
1.54526
2.89844
5.11788
1.97889
1.22264
2.65747
1.1395
2.28677
0.854044
-0.313125
0.365774
2.86613
2.34799
2.37446
1.55288
1.48611
2.4547
1.73196
0.0915907
1.67264
1.71507
2.98611
3.50417
2.76419
1.74316
1.66601
2.25121
0.790179
1.58477
1.16698
0.421456
2.52513
1.20281
2.53166
1.73303
2.86138
2.33771
0.19029
1.53306
1.60294
1.21726
1.19755
3.10019
0.931517
1.14846
2.03694
-0.664282
0.243316
0.818201
2.84437
0.745952
2.69495
2.67457
3.0276
1.7522
1.69037
1.93915
2.96629
0.790604
2.23553
-0.972236
0.606386
0.145264
-0.424109
1.16779
1.64591
0.41454
1.23279
2.05221
2.05866
1.69023
1.18132
2.59969
0.752941
2.41926
1.82273
0.769125
1.70693
2.55197
1.84102
1.7363
1.80011
0.8187
2.6498
0.756287
0.950387
1.17353
0.648582
1.55442
1.71803
1.43332
0.630346
1.99843
0.617993
1.44066
-0.26606
1.32997
-0.326925
2.84432
1.21859
0.373109
1.19238
2.39217
1.99263
2.37135
0.247639
2.22661
2.05085
0.983214
0.694348
2.32306
1.76662
2.45381
1.21651
1.79961
1.42372
1.49752
1.10729
1.1007
-0.418676
0.692724
2.59553
-0.0587445
2.05176
1.48496
1.01833
2.1412
3.13961
0.837954
2.2654
1.14836
1.83786
4.10523
1.01558
2.31029
1.62941
3.35266
1.90094
1.22701
3.14605
1.25949
2.11474
1.53553
2.19262
1.07234
1.02075
0.766217
3.32906
0.954911
1.59494
1.20926
1.2144
2.29653
1.90183
1.26757
2.40891
1.3067
1.07594
1.93667
1.68549
0.830531
2.92631
1.72697
0.983368
0.630132
0.765429
2.14359
1.51732
1.87411
0.898231
0.40014
2.4164
2.34749
2.27552
-0.352731
1.69688
1.18901
0.554409
0.942017
0.903754
1.38312
0.482958
2.72468
1.57691
1.55176
2.22468
2.55025
1.07875
1.90286
2.25036
0.084892
-0.0466425
0.435489
1.43166
0.368644
1.23042
3.15086
1.20832
0.928315
1.02456
1.50786
1.45457
2.53093
0.215567
2.48591
1.56257
3.11848
-0.0494329
0.718813
1.47225
2.66277
2.20024
1.06309
1.45188
1.74404
2.7986
3.33113
0.321227
1.55948
1.18639
2.17844
0.721422
-0.196455
2.50565
1.92372
1.46297
1.5923
2.77566
2.20126
2.89198
3.32659
2.22032
3.19934
1.13355
1.22073
1.93557
0.623381
2.11839
2.27353
1.9926
2.06207
-0.238506
0.540708
0.0263793
2.07745
0.631323
1.08329
0.209495
0.307286
2.54582
1.68001
2.25751
1.52916
3.30144
2.63356
0.68677
1.07516
0.892005
2.61015
0.571071
3.37101
1.83065
1.72386
0.39236
2.47009
1.53126
1.54243
1.59841
1.13353
1.94393
2.55716
2.74152
1.61808
0.346217
-0.0478042
2.17027
0.457958
2.37318
2.37159
2.50886
2.17942
3.22973
2.14422
0.442018
1.85955
1.122
-0.0106821
2.27775
2.35985
2.23813
2.58524
0.885736
0.564315
1.49889
3.90829
2.62852
3.74722
1.72594
1.61834
1.96741
0.100078
0.205681
-0.686101
1.6096
1.8088
1.65756
1.42488
2.29139
1.70798
1.19807
2.41392
1.97413
-0.489042
2.5799
0.612244
1.58119
2.59428
2.34103
0.189348
0.807846
1.86965
3.17924
1.50701
0.942981
0.559054
0.807701
1.37083
2.11227
2.22457
2.85815
0.943366
1.36872
1.35004
0.494265
2.3076
1.91855
-0.0278133
2.12617
1.52319
1.09994
0.939425
1.45945
2.01686
0.325066
0.728297
1.36238
1.87902
0.939227
0.09457
-0.656821
1.94178
0.874862
2.10155
0.098732
0.429252
1.40034
1.19978
1.22467
1.17508
2.95735
1.37232
0.917922
1.60708
1.42178
1.78782
1.39636
2.62919
-0.219969
2.74712
-0.0117767
0.970784
2.17345
0.447669
0.643481
1.00209
2.55956
2.51077
1.22786
1.55315
2.57983
2.01768
3.657
2.02641
1.66669
2.67265
-1.28737
2.20186
1.09754
0.948404
1.71683
1.37355
0.939541
3.70289
1.71509
1.57754
2.80837
1.61183
1.47608
0.811191
1.66124
2.66854
1.75273
0.523049
0.663271
2.00806
3.40301
0.95758
1.1412
1.19206
1.77038
0.960741
3.12564
1.17967
1.28448
2.26232
3.29069
1.30692
2.12427
1.67854
0.617901
3.06705
1.3821
2.56896
2.58329
2.2763
0.439403
2.15652
1.34823
0.370036
2.41782
0.480091
2.06991
0.1599
2.17638
0.0261847
-0.116298
2.40551
0.588619
1.30768
0.238673
2.92449
2.64409
2.11247
2.39526
1.91345
3.27724
1.82191
1.76301
0.163684
2.28121
1.89119
2.09526
0.869132
0.673528
0.941311
1.2555
3.18642
2.40814
1.72262
0.620994
2.73291
2.9896
1.77396
0.432647
2.07955
-0.470351
2.20455
0.702185
1.77325
1.05773
-0.1171
2.7078
3.37323
2.67687
0.270928
0.319588
0.745538
1.71193
1.79355
1.28181
2.10707
1.63099
0.647523
-0.232003
1.07862
1.9567
1.59173
1.58251
1.94231
1.00653
0.658609
2.82917
1.30427
-0.260399
0.862413
1.81773
1.85813
0.806236
1.93598
1.69847
2.22965
1.53566
2.20816
2.47231
-0.459323
0.478375
2.42095
0.138297
1.3323
0.679755
1.71645
3.20222
2.30048
1.53609
1.97362
1.70141
3.34193
2.40588
0.623995
0.92838
3.10141
1.89042
3.15115
2.75752
2.22408
1.41085
2.93674
1.65624
1.46469
2.51679
0.585678
2.18995
1.45768
3.4297
2.86031
1.10269
1.34379
1.86234
-0.765067
-0.105627
2.04646
1.85348
1.75202
1.25246
-0.835366
2.69167
-0.0354211
3.06379
1.8323
2.02537
1.7294
-0.219163
2.08678
2.1263
0.423611
2.64144
1.57421
0.208612
1.00612
2.05646
2.8124
4.61023
2.25128
2.91784
2.73199
2.0172
2.05019
2.96131
0.973209
1.73033
1.50412
2.54926
-0.79658
2.45565
1.71975
-0.433073
3.02605
1.6559
0.370762
1.63305
2.74324
-0.769458
2.51899
1.05642
1.14174
2.43107
3.37431
1.11779
2.81541
1.08502
2.3929
1.44214
1.76807
0.380569
-0.556041
1.70819
2.01834
0.620151
1.6601
3.93975
1.5401
2.07186
2.54461
0.129857
2.69044
0.916956
0.869627
1.72682
1.52537
2.51001
3.1283
2.0266
0.427304
0.630701
3.09084
1.74356
0.574869
0.708613
0.350278
1.58825
1.98799
1.73933
1.78882
0.270584
-0.296989
0.276055
1.08234
2.3875
1.47782
1.96744
3.25809
1.82921
0.740023
-0.426992
1.66398
1.36613
0.830898
3.20206
2.15963
1.0885
0.302579
2.9537
1.30022
0.290935
-0.373135
-0.113181
1.38951
1.09806
0.523795
1.21925
0.582621
0.926217
1.24003
-0.269616
1.01741
1.0097
1.56292
2.17049
0.645599
1.28295
0.92986
-0.0130207
0.86791
1.87165
1.89044
2.32404
0.643463
1.28536
0.46177
2.99746
-0.773674
1.48523
1.82435
0.601283
1.97183
0.913072
0.619668
1.17268
0.664878
1.52238
1.76517
0.869191
1.28679
0.293261
1.14461
0.810791
1.77715
2.6904
2.40805
0.349675
0.686883
2.89233
1.2797
-0.585086
0.504488
1.46905
2.82989
2.9258
1.98013
2.19622
0.904527
0.853532
3.01831
1.45433
3.91096
1.65451
1.87613
0.464995
1.85091
1.00619
0.659568
1.40012
3.05934
1.17089
0.0954516
2.74227
2.07234
1.42744
0.936832
0.559125
0.250434
3.47334
0.636016
2.39362
0.274341
0.254888
1.43351
2.05221
1.77919
0.5563
-0.0662112
1.36771
1.782
0.499799
0.909748
2.02329
-0.0602704
0.720403
2.38082
0.620322
1.66647
-0.0635558
0.466658
0.389994
-0.409101
3.28167
1.13547
-0.13239
0.508413
1.0295
-0.406089
0.694621
1.75301
1.05551
0.592789
1.78264
1.67914
2.43056
-0.218007
0.247199
3.2385
2.86216
-0.0987677
2.11536
2.01163
3.96021
1.11163
0.273262
2.25597
2.34105
1.22684
1.7499
1.22725
1.78674
2.34086
1.24596
-0.625119
1.62891
1.71581
1.30005
1.20814
1.21967
3.99697
2.03913
1.01317
1.66728
1.35927
1.95293
3.2191
1.6023
1.10887
0.123421
0.143477
1.96525
1.35142
1.60844
1.82234
0.839184
1.13687
1.61804
0.809192
0.814211
3.88349
2.33603
1.29925
1.30249
0.655309
2.89372
0.0833266
2.63371
1.49382
0.29031
2.00851
1.68119
3.38102
2.98625
2.94575
3.50187
2.51416
2.54052
1.93997
0.116917
1.6688
2.97392
0.761728
3.24591
0.42515
0.912057
2.0377
2.22566
0.746132
0.887385
1.16027
1.25574
1.91363
2.6134
2.35834
1.96497
1.79041
-0.515565
1.47553
2.12979
-0.373375
0.562481
1.76956
0.563172
-0.33329
2.10139
1.42144
0.656782
3.51231
0.841307
1.18604
2.00639
-0.402354
1.83197
0.791012
2.58285
-1.00278
1.08849
3.59761
2.02792
0.453469
2.48391
1.4764
0.729813
1.79785
2.46141
2.12839
2.14121
-1.50818
2.06446
0.824887
1.22413
1.44863
1.29962
1.65479
3.10726
2.82751
3.78303
0.87376
2.17537
0.0763506
1.032
1.1967
0.722707
0.528947
0.523051
1.77213
1.5131
1.73785
1.75706
0.425679
0.895946
1.83203
3.50595
2.00419
1.80204
0.742256
1.36611
1.67248
0.536056
2.05184
2.47917
0.460917
3.14704
0.934638
2.68692
2.28594
2.89532
0.285405
2.84424
0.301863
2.77434
1.37598
0.887028
2.76613
0.442204
0.73603
2.09877
1.62365
3.2371
1.66088
0.685688
1.84773
1.06055
0.33701
1.0215
1.34113
3.97975
-0.837799
0.493189
0.161656
3.20283
0.3564
2.19305
0.616036
-0.229941
1.81344
2.46199
2.64846
-1.35078
1.55665
0.800506
0.0510193
3.6056
0.610894
1.65593
2.82697
0.646877
1.68668
-0.079243
1.92227
0.205499
0.0844425
1.34533
2.27452
1.39478
1.83732
1.00169
2.56652
1.20584
3.10904
1.74706
0.18145
1.65128
0.89457
0.820148
2.11208
0.304862
2.32639
3.05779
2.77204
2.53203
1.68894
0.616608
2.85131
0.175466
0.62996
0.966021
0.862784
1.29559
3.00509
1.65087
1.33341
1.14066
2.45961
2.28753
-0.285983
-0.651245
2.67294
1.56301
0.729688
0.854501
1.29568
0.205583
0.301645
1.04451
0.139161
1.50849
1.65468
0.338296
1.11054
1.8554
3.65046
3.0348
2.47932
1.4361
0.742135
1.37997
2.32284
3.4922
1.16567
2.02622
2.42442
1.06614
1.78882
1.2845
1.58711
0.99855
2.87087
0.999179
1.24801
2.56854
2.21187
2.62991
1.94626
1.36608
1.56827
3.90819
0.542359
1.80223
1.40776
1.01279
2.0421
2.86367
1.84984
0.724536
3.20539
-0.555285
1.76526
0.74479
2.5972
3.51074
1.0277
0.788052
0.421902
3.61429
2.02481
0.139812
1.06966
1.65668
0.330808
2.35287
1.11698
1.39007
0.405062
1.24584
1.1574
1.67892
1.14622
1.3709
2.91194
1.79407
1.6285
0.52701
1.81369
1.24745
0.429284
-0.40352
2.20682
1.79314
2.47137
0.644323
0.686454
2.10395
2.48886
1.41824
2.02337
1.02354
0.208102
-0.508149
-0.0112457
0.709277
0.221489
2.332
0.811694
1.88015
3.5496
0.708489
3.06374
0.480733
0.746423
0.719346
0.0571096
1.91096
0.659377
1.20161
-0.183235
0.9534
0.200318
0.244615
0.811067
0.818602
2.10757
2.27643
1.52514
1.2006
1.9072
2.9127
2.40583
2.99349
2.45062
0.205308
0.814756
0.257097
1.75197
2.67898
1.80715
1.58308
2.58553
-0.0247432
0.121931
1.09829
4.18433
2.05727
1.49414
1.01132
2.0931
1.32987
2.23258
0.0316331
1.6255
2.49862
2.4908
2.82562
2.17407
0.934831
1.16829
1.64058
0.530679
2.62338
1.70132
2.20961
1.76975
2.65495
-0.633782
1.4107
1.75176
0.310061
0.24298
1.50422
0.794972
1.09929
2.87608
2.19768
-0.0187523
1.07903
2.28631
1.4511
2.09493
1.59569
1.58961
0.536509
2.44386
1.67572
1.47953
1.5633
2.20494
1.88871
1.70255
1.56984
2.05485
0.134035
2.35103
1.62768
2.95991
1.70758
1.23932
3.37411
1.32921
1.11191
1.19805
0.627913
-0.132488
-0.690223
0.217764
2.58354
1.18714
1.73556
2.00874
0.900246
2.12292
2.23042
0.934324
1.88107
1.30454
1.36589
0.802552
3.57329
1.26005
2.30243
0.962932
0.787887
2.7711
1.28826
3.08434
1.70988
0.815445
1.56531
2.40511
0.640933
1.02509
1.29294
-0.0559573
-0.114898
1.3896
3.26611
2.0639
1.77324
2.65298
1.48227
-0.329462
1.74082
2.49478
2.16844
2.01382
2.77957
1.97663
1.40546
2.25663
2.84249
3.13985
1.85674
1.78437
2.3666
2.48279
0.675759
1.65306
-0.248333
1.46918
2.45401
2.40788
0.808974
2.0642
-0.327775
2.6879
1.43334
0.0472088
0.0365366
2.99827
1.98599
4.05426
0.668165
1.05726
2.37472
2.77791
-0.879159
2.15695
1.46495
2.50405
0.970829
1.22471
2.5274
2.29191
1.72767
-0.28432
2.07634
2.22397
1.36053
0.802064
1.04626
0.712685
2.20206
1.86286
-0.122246
1.21426
1.42984
3.11943
1.80469
2.58589
2.95254
-0.090176
0.158582
1.63752
0.449537
2.59486
1.79394
-1.1341
1.72751
2.06765
1.07696
0.748248
3.38182
3.32842
0.966753
2.38228
3.14821
1.86438
1.22653
1.24004
1.32628
2.10224
0.221749
0.988585
1.20347
1.81923
1.74897
0.271793
-0.231943
1.93415
0.678224
1.65164
0.214966
2.03884
2.2422
-0.487489
1.53019
0.671007
0.482531
2.17027
2.17814
0.573783
0.447602
1.05848
-0.112291
0.573035
1.07757
0.980279
2.08626
0.69978
0.198895
2.73956
1.57027
2.37329
1.21909
1.85063
1.80983
1.21025
-0.622692
2.51708
0.448665
1.00871
1.88825
1.86179
1.24665
1.28639
1.68611
0.895956
2.20531
0.95515
1.95837
3.34042
3.56406
1.17181
-0.255203
2.21166
1.36844
2.34606
0.22746
-0.654908
2.60819
1.08901
0.540785
2.56095
1.60046
1.07796
0.736038
1.30044
1.6769
2.86725
-1.17063
2.33823
2.48705
1.58894
2.66993
0.513472
1.90465
1.69065
0.800692
1.69925
1.59248
2.1298
0.233802
2.19276
1.59351
2.47962
0.169374
2.31601
0.998512
1.0114
0.747542
1.30122
2.51125
0.872519
0.0365287
2.19775
0.993174
1.38476
2.14419
3.60842
0.981357
1.43644
0.486394
2.38565
1.2787
1.28913
0.237303
0.250017
0.386663
2.61701
2.05478
0.872268
1.47681
1.98697
1.83696
-0.452421
2.26795
0.992575
2.03372
1.33356
2.06542
-0.0574479
1.18174
2.32797
0.823794
2.90848
0.252999
2.06575
2.77034
2.22798
0.912492
0.0507201
0.613134
1.59927
0.398752
0.494133
1.00948
2.17175
2.05229
1.97088
3.38442
1.51045
1.24789
0.794429
1.4364
2.26731
1.85674
2.96467
2.24562
2.44379
1.09319
1.76104
-0.121715
1.17603
1.16278
2.08367
-0.411125
0.32333
3.32405
0.677646
1.25872
2.86037
3.45164
1.60731
0.815136
1.85209
2.37073
0.620192
1.60083
0.218893
0.831553
1.27341
2.15984
2.76474
1.6481
1.31384
-0.54171
1.3866
0.595018
0.510387
2.07127
1.93318
-0.108281
1.23011
1.97153
3.14965
1.88215
0.724749
2.13235
1.93852
1.03494
0.525409
0.46534
0.19005
2.18735
-0.775829
1.02926
3.07729
1.53004
1.48268
0.460659
2.82034
-0.795647
1.16254
-0.371602
3.32646
1.56041
0.257801
1.69529
1.03157
1.4661
2.18625
0.384331
0.898035
2.0963
1.97183
0.61642
2.94769
2.61374
3.3164
3.05674
-0.306236
1.88215
2.51029
0.328541
1.87059
-0.0457452
-0.746701
1.83936
1.60224
0.102054
1.463
0.688087
2.01724
0.993268
1.76987
-1.20721
1.89722
-0.168305
2.39943
2.11111
2.48046
2.12034
1.27508
1.32942
1.35166
1.40012
0.343388
3.30426
1.29362
1.59625
2.55421
1.54328
2.64906
3.0665
0.737278
0.931083
1.76281
0.196476
2.96809
0.558925
1.94224
1.98601
2.26539
2.66719
2.13748
1.89505
1.95819
3.15423
0.647185
1.41003
0.334766
1.19906
3.3224
1.34216
0.540369
1.9213
2.09934
0.634343
2.18416
-0.68184
1.3007
2.76208
1.41976
1.75552
2.19111
1.28869
-0.456102
0.535616
2.4268
0.75982
1.8185
-1.30491
1.6531
1.90681
1.75972
1.59214
1.67469
1.53834
0.439163
1.50865
1.55737
-0.773899
1.20354
2.21573
2.24935
1.79574
2.65454
-0.387942
2.66567
1.0318
1.4524
2.04443
2.21618
1.65547
2.11988
0.874245
2.98331
1.12267
-0.202633
1.52505
3.8095
1.56504
3.09631
1.93806
2.54257
1.40569
0.962248
0.71145
1.90014
2.47262
2.90739
1.51923
1.91757
2.68512
2.19863
2.57777
0.829844
1.29796
1.75488
2.97629
0.27071
1.64063
2.1027
2.80508
1.00207
1.48509
-0.212067
1.88054
-0.38666
1.42175
3.44258
0.396497
2.76491
-0.539358
1.69992
1.90388
1.87895
2.01809
1.07604
1.58202
0.710517
-0.520676
0.8322
0.638198
2.98664
2.21781
3.09044
-0.338453
1.32937
-0.327455
1.39375
0.572432
2.68466
2.56333
0.165365
3.34033
0.877747
2.14886
-0.106658
-0.213141
2.2145
3.03954
1.98049
1.23459
2.19316
1.17606
2.37099
0.557292
1.45984
1.23167
3.22054
1.59152
-0.129695
1.55153
1.1664
0.956825
1.55284
2.95229
-0.206348
-0.171112
3.57012
1.51603
1.66688
-0.000362849
2.71792
1.43142
2.15845
2.73586
-1.0665
-0.124714
0.637454
0.725544
0.892563
0.769555
0.316164
0.529597
0.132529
1.89814
0.123655
1.17231
2.25286
2.47679
1.92004
2.80367
1.63738
1.21396
1.89304
0.342508
0.964887
1.43055
2.0486
1.5896
1.53533
1.57561
3.37776
0.131723
2.50934
0.94802
2.18958
3.25606
1.41821
0.298752
1.82224
2.82596
1.48099
1.67276
0.577235
1.87225
-0.0719658
1.88789
1.709
0.346623
2.2172
1.16815
1.77886
2.31635
2.89923
2.14138
1.90979
0.74811
0.816938
1.28726
2.88817
3.08124
1.08519
1.72026
2.48208
1.642
1.58412
1.96764
1.41199
0.967418
2.26341
3.94108
1.03946
1.03175
2.63381
1.07972
0.823119
2.09113
3.05037
2.26229
0.394723
0.99569
2.44725
0.939032
1.21977
-0.453452
1.01354
2.25219
0.864645
0.852923
1.64039
2.55552
2.50823
1.21426
0.605202
-0.156428
0.0594609
1.19717
1.33878
3.8154
1.52663
-0.0352961
3.63566
2.64239
2.09113
2.14288
2.51129
0.128415
1.66655
1.79561
-1.12688
2.36061
0.716968
0.328393
2.31361
3.11195
1.21788
1.56704
1.65965
-0.365585
1.42633
1.2524
2.58734
1.64806
1.55866
1.38071
2.0224
0.466427
1.10536
1.62289
-0.0232378
0.948947
2.11811
-0.879686
1.75036
0.244792
1.52819
1.84103
2.30059
3.7932
1.78069
2.33762
1.47657
0.844519
1.4383
1.45492
0.470817
1.26236
1.51666
0.699992
-0.0601718
1.25756
2.87086
0.967541
1.44307
1.88599
0.717104
0.284642
0.0433246
1.76357
-0.754745
0.974725
1.59189
1.43278
1.79631
-0.511274
2.40609
1.80913
1.03982
2.21605
-0.285402
2.35005
1.45295
0.44804
2.09701
2.12008
1.00774
2.12731
1.26216
2.79
-0.0368959
2.23979
2.41903
0.418561
-0.297888
2.56089
-0.165193
0.145259
0.31847
2.32656
1.15747
-0.0134662
1.87006
0.408884
1.33728
0.595917
1.7133
1.11949
0.884694
0.779819
1.95108
1.0038
3.08992
0.384788
2.06753
-0.900245
1.9831
1.82014
1.81891
1.93193
1.30899
2.45801
2.3498
1.87896
1.7031
0.457893
-0.0361515
0.491321
3.6291
1.96292
1.85272
1.30923
1.43401
-0.335929
1.36492
1.4599
0.048191
2.3526
1.37597
1.5178
1.66047
1.06596
2.79811
0.660604
2.09595
0.581926
2.70532
1.04267
0.653918
0.532628
1.3255
3.1395
1.07551
2.30866
2.31141
1.66082
3.14454
0.182104
-0.477151
-0.243156
2.50266
-0.265369
1.65492
-0.486026
0.29871
3.10381
2.54094
2.09381
2.2043
1.94961
2.11647
3.68977
0.507671
1.02319
2.72356
2.06441
2.0282
3.29029
2.36694
0.0809086
1.91182
1.83879
-0.593471
1.40467
2.1255
2.44106
1.59233
2.16585
2.80715
-0.0458877
-0.379145
1.67734
1.57916
2.18037
3.15358
2.1181
1.51632
2.12612
0.964049
0.811321
1.42697
1.27091
1.83035
-0.529551
0.610293
2.79679
2.00848
-0.963206
1.50546
1.8242
3.27029
0.817124
0.49944
1.85035
0.47284
0.642164
3.17174
3.28557
1.78351
2.19494
1.77259
1.79132
3.39527
0.545826
1.37781
2.83461
0.646423
0.514313
2.32661
1.81498
0.561255
-0.208732
1.68101
1.56073
2.18467
3.28546
2.65369
1.8816
0.780986
0.301623
0.93779
3.2176
1.68105
1.60441
1.22319
3.12988
1.86567
2.0878
1.59636
1.13142
-0.0492773
-0.197278
1.53207
1.87596
2.99185
1.70142
1.94341
1.37872
1.57876
0.327972
0.0573868
1.46118
-0.0347694
2.26071
4.21211
1.2964
0.384765
1.35085
2.86822
0.484631
1.03885
2.05207
2.21233
1.82038
0.671451
1.24397
0.642869
1.22753
1.96261
0.342681
1.44398
0.859674
1.33697
1.95793
2.45737
3.09135
2.47428
1.15728
2.94897
0.503311
3.0027
0.98572
1.34882
0.742538
0.840565
1.0171
0.25391
0.743622
1.53177
1.85419
-0.285277
2.71067
2.8154
2.31835
1.18874
-0.47885
2.60677
1.5546
2.17361
3.96242
0.650188
2.41043
3.22224
3.03299
1.98858
1.01647
1.59338
2.05862
0.490174
2.71873
2.10743
1.40969
1.28724
0.413263
3.3712
0.622109
1.8288
1.46572
-0.317126
0.892472
0.471838
1.1605
4.88163
0.536472
2.09061
1.40587
1.97302
1.39563
2.10035
1.79507
0.928815
1.33633
0.377225
1.91406
0.665726
3.94526
0.245571
1.99216
1.49023
0.591707
0.904527
-0.0451014
1.67235
1.72286
0.981292
2.48735
1.7141
1.66748
2.26653
2.49959
0.243367
2.0052
0.328084
0.579324
0.628717
0.896024
3.08502
-0.282348
1.56059
0.600262
0.729887
3.21792
1.66204
2.27943
1.00272
-0.604236
1.17217
-0.131809
1.06136
2.26155
1.83804
2.90561
0.287165
0.807656
1.68132
0.671788
1.87003
2.35347
-0.0184942
2.33989
0.44677
3.07759
3.36936
1.61099
1.82644
3.09296
2.46638
0.941695
1.20042
2.89542
0.571481
2.61516
0.167904
-0.54365
1.74996
2.77661
3.08197
2.18495
3.10178
1.07309
0.875751
2.44462
2.58145
2.10083
-0.469966
1.51977
1.71396
2.41172
0.416437
1.88498
2.28304
2.61378
1.16577
1.82115
1.70576
2.56221
2.72396
1.32528
0.693065
0.265087
1.89823
0.581311
0.194447
0.00883043
0.722971
1.39147
0.57368
0.825568
1.15844
0.727242
1.70821
3.86988
1.94433
2.4152
2.62352
2.03416
1.94027
0.480905
1.01771
1.91904
1.92879
1.39351
0.684672
1.98762
0.0204356
0.306779
2.16794
1.86555
0.561372
1.77728
2.8957
1.2328
1.38067
0.968319
0.719954
0.683768
2.32099
-0.404098
2.18564
2.18019
3.77035
1.97675
1.19306
2.08743
2.78937
2.28323
2.26236
0.918112
0.716517
2.70204
1.94877
2.20782
0.0719005
1.65759
3.06492
1.2819
1.83849
1.31887
2.99147
3.02203
1.80968
0.477329
2.25179
1.14256
2.92084
2.72997
1.68579
0.487823
2.75073
1.09157
2.29618
2.54824
1.23027
1.56355
2.10657
1.17206
2.5515
2.04791
2.39862
0.718033
1.14152
0.345373
2.65686
2.40116
1.41034
0.404704
0.580661
2.47545
0.86004
1.55715
2.47764
1.48443
1.51955
0.266606
0.666004
1.95484
2.08498
1.18134
1.28663
2.70561
0.661982
1.46203
0.297795
1.9174
1.28981
0.179937
2.06164
3.07183
1.24912
0.0020761
0.908016
0.529709
-0.467173
3.12084
3.37221
1.99222
1.81899
3.3754
1.79255
1.46396
1.51501
0.690817
1.08751
2.79067
1.2782
0.582426
0.820836
3.27176
0.145759
2.75761
1.4114
1.70086
0.199522
2.51843
1.00143
0.974114
1.02526
0.142503
3.20868
1.43684
3.08331
2.25371
1.30006
-0.773228
1.52274
0.925851
1.45194
0.413585
1.57903
1.23518
0.138781
0.773699
0.851482
0.33743
2.6058
2.34907
0.059589
2.3908
1.16559
2.23198
2.63709
0.926197
2.28808
0.663732
1.58064
1.68
2.18238
1.104
-0.45026
0.401747
0.411995
-0.325921
2.62858
2.33954
0.795511
2.97974
3.27297
-0.589548
2.64486
2.53564
1.69296
0.733572
1.04011
2.04281
2.10209
1.0715
0.000107002
1.8666
1.41898
1.0154
1.55972
0.75541
-0.00239017
1.51379
0.852756
1.57161
2.36493
0.0705567
1.69293
1.93413
-0.47099
2.45615
1.31847
3.34739
2.80579
1.24698
0.279939
1.92811
3.32624
2.19181
3.06203
2.04596
2.5634
1.92529
0.89165
2.20328
3.14169
0.868873
0.875299
1.43144
2.05121
0.338603
3.32522
2.36556
-0.020963
-0.537363
0.923725
3.03336
2.23379
1.44375
1.05697
1.1142
1.31812
2.29499
1.82672
1.9787
0.893367
2.36823
1.38541
1.83925
2.28074
1.95326
0.549572
1.0642
1.10921
0.175613
2.65583
2.30158
-0.219655
2.05076
0.633574
0.221417
0.898088
1.52719
1.46517
1.11826
2.80111
1.38269
1.4576
0.316148
1.39374
1.83591
3.03339
1.48136
0.540755
1.67826
1.47712
0.983743
-0.68029
1.63429
3.6255
4.34991
0.779638
1.92824
-0.083882
-0.609576
2.44787
1.21504
0.807915
2.43852
0.588881
2.70829
2.61732
1.9958
0.309327
0.497217
1.44106
1.88797
1.57697
3.01804
2.31424
1.6686
0.965905
0.712512
2.45871
0.411552
2.0679
1.55897
0.616228
1.34552
1.49626
0.109062
3.30224
1.15587
2.29098
2.32513
1.3867
2.65315
3.09063
2.28351
2.93188
1.15015
0.920111
0.943717
0.283485
0.667523
0.849188
1.9844
1.36677
0.764848
1.88733
0.512749
1.7134
0.24871
2.06807
0.846575
2.19569
1.58265
1.65294
1.05944
1.00961
2.33846
2.32467
0.312897
1.67319
0.0546456
1.90144
2.15839
1.78849
1.31225
3.40372
3.26282
1.92885
0.836339
2.05122
-0.157353
2.57878
0.764346
1.81373
1.75622
2.81429
3.26463
1.34969
0.253363
-0.385471
3.2877
0.938897
-0.00337665
2.10294
2.64749
-1.52322
1.55489
0.620869
-0.986458
1.18199
2.67596
1.30192
0.337036
0.547747
1.71402
1.86116
1.33341
1.06838
0.772092
3.0495
0.8594
2.02743
1.20555
2.39426
0.856725
1.23604
1.27324
4.86184
1.95117
-0.27261
1.27209
1.77634
-0.51872
1.02303
1.52556
1.24546
1.2123
1.9949
3.20267
1.7631
2.35078
1.51454
2.44288
2.43405
2.19827
2.01383
1.92469
2.28385
0.589931
1.14192
1.02347
2.24144
1.31825
2.16627
0.893157
1.37617
1.0505
3.14104
2.72286
1.81342
1.75496
1.38002
1.673
0.998536
-0.520481
1.66905
1.75251
1.25916
0.41802
1.86671
2.50791
-0.855259
2.65067
0.456141
0.599632
2.1746
0.655473
0.586705
1.79949
3.49765
1.25467
-0.861594
0.708457
1.94469
1.39118
2.6713
2.12792
1.75308
1.92759
0.716293
2.66442
0.656349
2.10616
2.67952
0.800027
1.95968
1.76442
0.679016
0.795017
2.44187
1.38351
0.8995
2.76654
2.26106
2.51661
1.36239
1.91506
1.04242
3.14113
1.04953
0.526823
2.16806
1.69678
2.07887
1.0667
2.21508
2.57724
1.5453
0.5282
2.64614
2.1944
2.15094
1.09508
1.43465
1.03419
0.499088
2.42174
2.17687
1.11849
2.27874
1.71623
1.43
1.343
2.42941
1.00301
2.45294
2.14086
0.749773
2.14249
1.93499
1.29511
1.95461
-0.204101
3.28575
3.09966
1.18967
0.393188
-0.177222
0.557504
1.70549
1.8371
0.725906
3.36126
0.6438
2.36593
1.17818
3.00976
0.985369
1.8583
1.4692
2.43958
1.29037
0.997605
-0.227728
0.5211
0.622939
0.101543
1.65226
1.65497
2.23698
0.120092
3.53842
0.833826
0.653914
0.331442
2.64649
2.65117
1.62044
1.39007
1.62952
0.883586
3.11922
0.0548102
1.26727
1.78423
1.47801
2.86952
1.10151
1.28441
0.970979
0.759573
-0.691681
2.41129
1.82612
3.08104
0.0334907
0.718093
2.1375
1.33215
1.50007
1.62215
-0.0351887
-0.0387451
1.52714
2.70374
0.882617
-0.53907
1.90998
2.90678
2.41958
1.42063
3.15925
0.771949
1.9907
3.23355
1.51574
1.25519
0.756682
2.77961
1.11731
1.35527
0.230043
2.02621
0.875557
2.53073
1.37361
1.55783
0.689161
1.55776
0.685249
0.532775
0.45997
2.931
3.59557
0.124509
0.858783
2.13234
2.10561
1.47691
2.20239
2.19196
2.87486
2.0557
1.90443
1.83431
1.77807
2.03423
0.300413
2.75199
2.35754
3.33284
2.69037
2.72398
2.29846
1.43055
2.00082
2.83762
1.17556
-1.03408
2.3178
1.67605
2.00476
1.60265
1.13902
-0.0146196
1.91268
0.94627
2.08939
1.13101
2.4614
1.88125
1.1099
2.30555
3.43864
-0.511724
-0.0664997
1.31601
0.929463
1.79235
0.209962
2.38123
-0.165449
0.981359
2.33459
0.815816
0.783314
-0.36111
-0.181528
1.65441
1.14796
-0.168931
1.59588
0.88014
3.01154
-0.0387567
0.972235
1.58773
2.01374
1.65504
1.74842
1.97236
2.06571
1.61925
2.68098
2.35229
1.08435
0.167401
1.30232
1.67948
-0.0552893
1.79029
0.788505
2.41172
1.00634
0.766222
-0.053363
2.18776
2.00085
1.96201
0.409407
-0.353396
0.597988
1.01981
0.0948052
1.61759
1.73995
2.28602
-0.289016
3.56627
0.650519
0.537246
3.70924
1.14349
1.08141
1.98859
1.3998
0.911229
1.91992
0.595219
2.25133
2.07386
1.01773
1.19809
1.26182
0.68184
0.553752
1.02126
0.616886
1.04463
1.26982
0.566918
2.45976
2.11345
2.50507
0.69078
2.14109
0.927933
-0.18885
0.168868
1.102
1.44299
1.34384
1.09518
1.32598
1.33304
1.42657
1.21292
1.93539
1.48044
0.978008
2.04375
4.13445
0.995717
0.923159
3.02151
1.28937
1.32903
1.69502
-0.225397
1.53796
1.3302
2.66569
1.58525
2.81879
1.31189
1.71365
1.00358
1.31955
3.12943
2.36479
3.01774
2.24451
2.96447
0.735175
2.45955
-0.875879
1.30977
3.63124
1.07267
1.593
2.25499
1.05997
2.05057
2.14009
1.21854
2.82934
1.06903
3.20523
2.94984
1.84918
1.36047
1.17872
0.212465
2.88396
-0.14591
2.85048
1.42582
1.79022
2.89042
0.721401
1.41401
-0.0724761
2.70288
0.982847
0.154213
2.45943
2.47464
1.5994
1.7235
0.964605
2.94071
0.701797
0.449436
1.59539
2.23712
0.942056
1.93457
0.913154
-0.576966
1.16183
3.75917
0.471103
2.52218
1.28244
0.569713
2.13566
2.4238
2.08207
2.92215
-0.356506
2.88719
2.38012
2.58554
1.3982
0.369971
2.15027
0.626695
2.02072
2.08686
1.03218
2.16415
0.761705
1.84021
2.22371
0.678298
-0.111845
1.96184
1.22872
1.21678
1.05085
1.29199
1.04228
1.45941
1.29886
1.41649
1.3665
0.638286
0.145043
0.742503
0.209349
3.01843
0.425747
4.06539
-0.493881
0.98675
1.37639
-0.828974
0.185611
1.55079
0.873744
0.516104
1.21759
2.22357
0.792215
1.65782
0.715176
2.12613
-0.466591
2.26268
1.46538
2.30627
1.30324
0.593348
3.2223
0.936997
1.53531
0.581046
1.32839
2.06053
1.54345
0.532992
1.618
0.202218
0.665069
0.504452
1.3615
2.04784
2.16885
1.05652
1.75179
3.39166
0.56676
3.75743
-0.866596
1.9805
0.80492
1.26684
0.591704
2.33802
0.541178
-1.55239
1.86471
1.16185
2.39815
1.49676
1.72493
1.7968
2.42417
2.53437
2.4318
0.685303
1.93083
0.716307
1.17961
-0.264172
1.5611
-0.697278
3.08549
-0.153934
1.53118
2.03708
1.22453
1.27635
0.406751
2.534
0.412692
2.54658
1.6171
1.25545
2.15733
1.11375
1.51309
-0.0665085
1.45123
0.48292
2.79977
0.250242
2.60158
1.02051
1.35765
2.69534
0.546459
0.814979
2.41296
3.06881
2.10057
-0.0629878
2.18771
2.24184
2.01371
1.56393
2.40187
1.36388
2.04791
1.04459
-0.202774
3.41539
2.48429
2.78647
-0.627672
1.81097
0.846621
0.804989
2.76586
3.58577
2.17993
1.70099
1.68747
1.89856
1.6392
2.07499
1.4047
1.97603
0.645124
2.75375
0.748896
2.24992
2.45928
1.63802
1.11195
1.53306
1.61564
1.14607
0.0960204
1.57915
1.81357
0.888317
-0.481099
0.869701
2.87316
1.87345
1.60555
2.03889
2.4035
3.80784
2.00339
0.499925
2.48095
3.68412
-0.016545
0.305207
2.26307
0.648428
2.13031
0.81052
0.367562
0.840228
1.0285
3.54601
1.10835
0.40991
0.894465
1.41063
3.63428
0.261055
1.07648
1.07868
0.557354
0.647362
-0.297177
2.42823
1.19563
0.658288
-0.010172
1.58427
2.52207
0.547411
1.5524
2.50548
0.889141
-0.46274
1.66996
2.04267
0.738479
2.46264
1.75076
1.90266
1.45129
1.36246
1.24029
0.0546089
1.7095
3.34059
1.36011
2.31384
-0.364899
0.321891
0.516808
1.85924
0.512141
1.93064
2.58523
0.496802
1.88462
1.0013
1.42447
0.629834
1.73369
2.8511
0.860354
1.86145
1.9038
1.8587
1.02165
1.13356
3.26373
1.51773
1.27798
0.971424
1.33596
1.69589
0.667224
3.21146
1.20373
1.3774
2.58839
2.68729
0.0635811
0.0594351
2.21253
1.92312
1.67954
-1.46275
2.29038
2.15457
2.24553
1.96741
1.7724
1.14332
2.08121
2.32357
1.58425
0.623371
2.55427
1.34472
0.820447
1.88224
2.59082
0.377697
3.50876
1.18259
2.00535
0.867701
-0.202209
-0.617852
0.529313
-0.445979
2.55228
2.01985
0.236145
2.82049
0.692983
2.58363
1.63995
1.9984
1.79136
1.87836
0.953207
2.37616
3.0799
2.54824
1.83887
2.58795
0.207461
0.483953
1.03117
1.28637
1.4247
0.97278
0.22811
3.36634
2.08544
0.554887
1.22824
2.19962
0.912511
1.33457
1.2815
-0.261903
2.07171
0.87171
-0.818204
0.572841
1.66522
1.32767
0.498412
1.83966
1.94089
1.45493
0.600334
2.53688
2.57416
0.908872
2.78422
1.84971
0.52796
1.7192
0.475165
1.74435
0.292334
3.56429
0.317271
1.82214
1.05447
2.75958
1.43681
2.57333
1.9051
1.55963
1.2167
1.2362
2.22586
0.634498
0.0711127
2.13294
0.39975
2.6022
0.429664
1.22431
2.79413
1.98918
0.427004
1.25172
1.29225
1.17867
1.43983
0.971563
0.758972
1.35689
-0.525676
1.58701
0.757212
0.939261
0.499036
2.88323
0.386821
1.88818
2.19874
3.16092
2.92769
1.96759
0.515213
2.68029
1.64081
1.74034
1.21974
1.05398
1.56504
2.02945
1.84812
-0.249001
1.02186
0.357397
0.460045
1.55103
1.33533
0.0558945
1.95367
3.11752
2.08993
2.98148
1.28043
2.43521
2.95208
2.11252
1.93166
1.51536
-0.425527
0.872081
1.82131
1.64269
3.35963
1.16639
1.07967
2.97204
1.09718
1.17252
1.65925
1.71749
1.11118
-0.34551
2.0008
1.03931
-0.554329
0.751149
-0.179783
1.03023
1.79394
1.66216
1.67315
-0.269517
1.54041
0.374361
1.1926
3.52305
2.66814
2.67124
0.0703684
-1.00329
0.475502
4.23603
1.94762
3.30667
1.50305
0.211419
0.121726
1.81337
0.724198
0.758532
2.93973
0.737697
0.8022
2.57307
1.5312
2.45795
2.19763
1.82774
0.876218
1.43301
2.40554
3.67172
1.73658
2.31777
1.58432
2.77518
2.28697
1.5128
0.163591
2.05128
0.460752
2.89003
3.02681
3.30618
0.666379
1.40634
3.19429
0.443763
1.75053
1.97655
1.03484
0.77737
1.56694
0.117421
2.61226
-0.190894
1.02342
0.642097
2.01886
0.798052
1.80853
1.47961
1.59041
0.484766
1.20634
1.42944
0.159402
1.16951
1.00853
2.01882
1.45419
2.05806
1.85819
1.36075
1.94277
1.05989
3.11503
2.06321
0.293061
2.09613
1.42787
1.10825
-0.162946
3.14518
2.01257
1.7552
1.51798
2.52012
0.686276
0.0830401
2.88275
0.870008
0.952221
-0.385425
-0.679024
1.84869
1.45266
2.68347
1.00444
0.30668
-0.415662
0.922072
0.99845
2.14835
1.1826
1.85374
0.234245
1.06637
2.64905
-0.0243671
0.949851
1.6758
0.418061
2.19735
2.79983
2.7014
1.37498
3.34569
1.63787
2.40622
3.19029
2.73679
1.73723
0.925567
0.540949
2.87002
0.792037
1.4091
3.53792
1.47984
1.68122
2.11599
0.323857
0.695027
1.32877
1.42142
2.07213
1.88051
0.919893
1.03576
-0.114888
2.27911
1.46796
3.24904
3.89887
0.680035
0.250049
2.55526
2.33892
2.75432
1.52874
-0.586827
1.22462
2.27954
1.52087
3.64808
1.74615
3.38934
0.67426
1.21312
3.60942
1.02684
2.55615
2.84603
1.06023
1.71874
2.65036
2.22472
2.7225
1.96481
0.101871
1.35893
-0.103144
1.39594
2.67628
1.9387
0.507852
1.42286
-0.45729
2.52811
2.12875
3.4386
-0.188372
0.943811
1.8578
0.355672
3.1583
1.86463
1.25866
1.63098
1.50033
0.928138
0.28554
0.754567
2.25018
2.66852
1.73349
0.705409
0.625593
1.93804
1.21623
2.50568
2.64635
2.85337
3.30513
0.602912
2.4942
-0.74158
-0.694004
1.82347
1.75604
1.32935
0.49839
1.18626
0.572295
0.203912
2.27191
1.52907
1.57287
0.951787
1.75489
2.34954
0.675176
0.260709
1.93535
2.45508
4.12183
1.98583
-1.87741
1.14096
1.46825
2.78555
3.08733
-0.0514084
1.61451
1.20414
2.58277
-0.170225
2.35219
1.76205
-0.792496
3.01914
0.968585
1.40681
2.22645
1.57408
1.1197
-0.0386267
2.04947
1.42378
1.61594
0.265421
1.61196
0.481614
1.80876
2.68889
1.73428
2.2349
-0.518406
0.7927
0.941925
0.180608
0.930466
1.29914
2.41863
1.61578
-0.219193
2.77892
2.12352
3.62429
1.00514
3.18081
3.04445
0.337259
1.02062
2.54156
2.10111
1.67421
2.63964
-0.0757787
0.874225
2.21352
1.96332
0.831966
0.696536
1.70373
1.52058
1.56094
2.48885
0.358576
2.86443
2.42542
0.513743
1.44434
-0.0356243
0.601214
1.32178
1.95537
2.72105
2.23127
1.98589
1.43857
1.45869
0.802449
0.89453
2.01816
1.80484
2.15813
0.719792
3.10379
0.832852
2.49205
2.10191
0.633852
2.31161
0.72111
1.13418
1.93079
0.142167
0.999018
0.811621
2.04853
-0.177109
3.01161
0.223851
1.7023
2.13229
2.62941
-0.883271
0.551921
2.02587
1.80296
3.68187
1.86142
0.3974
1.60555
0.523738
2.20568
2.38378
2.78832
2.00781
1.45549
1.84832
0.659284
0.657089
1.37374
1.01487
1.58231
1.99198
1.58995
-0.515839
-0.461562
1.19229
1.89459
-0.111962
1.88072
1.70265
1.93612
0.240748
0.629802
1.46118
2.36827
0.241838
1.90438
2.34008
1.91324
1.07813
2.01782
2.81907
2.37467
0.965699
1.4022
-0.105999
1.29822
1.61891
1.28974
0.258054
2.45131
2.63811
0.71442
0.846233
0.140807
1.02309
2.0992
0.756461
2.12035
0.774671
1.37619
2.67962
0.446917
1.79227
2.68121
0.355962
2.22407
1.28927
1.34273
1.97279
3.19266
2.28618
0.930938
2.27158
1.80226
3.29126
1.73648
-0.484305
0.659737
2.78124
1.39715
1.84502
1.81643
-1.07233
1.15207
1.89189
4.21535
0.460766
0.175427
1.59271
0.392135
2.57615
0.0917828
2.09816
1.20228
2.61587
-0.39455
2.87743
-0.112404
0.239374
2.18275
3.81702
2.07315
2.04859
1.62218
1.57091
2.48366
0.46182
1.58468
1.80364
2.42649
1.48394
0.951883
2.62126
1.9941
3.80703
1.60652
2.035
1.45879
3.05547
2.19792
2.9263
1.74545
2.44906
1.0451
2.53842
-0.0940177
2.46037
2.34812
2.56968
1.45349
3.48552
2.15647
2.21234
1.02403
-0.00669618
0.951467
3.2389
-1.20073
3.18007
0.692488
2.14536
1.65569
1.49294
4.97681
0.803473
1.27873
1.28288
0.933271
2.05948
2.20948
1.0983
0.692695
2.37731
1.79678
2.69011
0.978991
1.65134
1.46498
1.9904
0.0636992
-0.0864158
2.54946
2.01598
1.69648
2.22029
1.09924
1.93087
2.72006
1.16722
2.3472
1.52306
2.22909
1.42328
2.08095
0.808945
-1.211
2.59989
2.85999
2.64615
2.13269
-0.348953
2.2401
1.66584
1.02942
-0.86419
1.01144
0.687701
1.35283
2.21998
0.278624
2.14108
2.86589
2.5519
1.70212
2.24143
3.85444
1.16822
1.28423
1.24328
0.538761
-0.158116
-0.698554
3.48939
1.31495
2.72757
0.623646
3.27655
3.10757
1.11291
1.10396
1.90446
1.26253
1.40881
0.00261137
0.9919
1.78174
3.02114
-0.277161
1.083
0.58674
0.480949
0.901896
-0.447858
0.774559
1.21185
2.32834
3.08477
2.31122
0.952653
-0.20881
2.0552
-1.00515
0.72715
1.4038
1.1528
1.21906
0.662468
0.464957
0.0467112
1.826
1.33725
1.13288
-0.107635
0.836594
0.440375
0.990789
1.23714
0.0892866
2.30459
0.992376
0.638391
2.66549
0.189524
2.39822
1.83346
1.98913
0.758863
1.47007
1.69082
1.23717
2.93025
1.13038
1.37406
1.02909
2.87837
1.62886
0.397961
2.75869
2.48925
0.907545
0.726993
3.38754
2.14098
2.18484
1.87838
0.692848
1.44033
2.31431
1.38401
1.37689
0.475213
2.61377
1.30628
0.79495
1.79588
2.42705
1.38683
2.76952
0.661841
-0.47667
0.524645
1.236
1.26067
2.05622
2.33102
2.02772
4.3369
0.308081
0.604747
1.47337
1.71432
2.04261
1.59098
3.03799
0.209003
0.586652
2.32373
0.698513
0.713538
1.52881
2.93793
-0.39514
0.598045
0.854576
1.45128
1.82196
0.824928
2.14203
0.361616
0.228529
3.3408
2.66063
2.22746
1.27205
1.59423
0.00160015
1.59711
1.46557
1.33695
-0.134909
1.94364
1.55071
0.358037
0.542823
2.09006
2.07278
1.89933
1.20441
1.51175
1.49096
-1.08126
2.14286
0.39372
1.84862
2.34298
0.506196
2.54661
1.02298
2.34733
2.18734
1.46644
0.78343
2.13205
1.95025
0.91793
0.5035
2.78402
0.353327
2.05811
2.21874
1.02197
0.851431
1.32932
3.04927
1.99173
1.00387
0.704182
2.09842
1.57279
-0.592123
0.252584
1.12623
2.50953
1.35133
2.00441
1.22084
1.01965
1.46189
3.03437
0.357403
0.614249
3.53611
1.05129
-0.375033
2.07368
-0.722525
2.13645
3.55105
0.246532
0.373551
2.09799
0.634253
1.93321
3.1259
2.02043
2.32378
0.760127
1.29267
1.34759
2.27712
4.4307
0.488194
1.98262
0.96472
0.862121
1.06039
3.12517
2.33482
2.44686
0.675424
0.841452
2.0395
1.68794
1.90378
2.09358
0.288855
1.45329
2.34409
2.24272
0.689179
1.90182
0.806101
1.00873
2.42429
1.9596
0.998031
1.73911
0.988833
0.276674
0.711498
0.49587
0.957978
2.60542
1.81111
2.39265
0.738707
0.617311
2.54091
3.04875
0.816382
1.86232
2.81476
0.978362
1.75441
1.61598
1.65146
1.4841
0.92812
3.31812
0.0639884
2.05181
3.25743
1.12953
1.44969
1.72279
1.91829
2.5625
2.47504
1.91558
0.704547
0.997968
2.86777
0.346375
0.977091
1.83045
0.0159311
1.43335
1.02058
0.402106
2.29656
3.30397
0.831256
4.50818
0.818
0.929301
1.59602
0.560402
2.28104
1.66855
2.41659
2.69356
0.650312
2.41024
1.58072
1.66058
1.12932
2.9586
0.84712
2.5941
3.13872
3.46774
2.46082
1.60075
2.2558
2.39571
1.58542
0.581969
1.02988
1.32466
0.0388741
1.1599
1.97192
1.82321
3.77046
2.10283
2.18897
1.83866
1.54494
3.88836
0.87635
0.0688607
1.24105
2.03945
1.68851
2.98803
3.58124
1.42463
3.20153
-0.0503076
1.19803
1.19369
0.916323
0.937879
0.440664
-0.0457372
-0.759093
1.85206
-1.24264
0.87731
3.50451
1.63705
0.909582
1.40894
1.70166
1.30015
2.15922
-0.0585116
1.75385
1.81396
1.86057
1.28788
1.09248
1.6309
1.0026
0.650958
2.45682
3.84397
2.01338
1.8008
1.47799
2.19052
0.29781
2.21412
0.0197291
3.60546
1.77276
1.04185
1.72991
1.46197
1.31288
1.51938
3.0474
1.82634
0.169255
1.03925
1.05749
1.66227
2.7921
0.546228
0.59698
1.27283
1.4492
0.520842
2.00245
2.02151
1.66655
1.13827
0.363655
0.132334
1.75645
0.61313
-0.570358
0.0821585
0.237822
1.27442
2.08632
1.78902
2.02647
2.88903
1.86554
1.33644
3.70759
2.88403
0.999555
0.429527
0.485028
2.75115
1.73307
1.44637
0.213456
3.00742
1.28721
3.31572
2.62309
1.75904
-0.699595
-0.129752
1.75735
1.68395
0.201115
1.65141
1.1674
2.18411
3.75668
0.698806
1.40707
0.726792
1.80363
3.25867
0.487808
2.06863
0.466659
0.925207
2.42822
2.10352
0.714845
3.34101
1.45692
0.338647
0.336416
3.21176
0.435465
2.13834
1.04375
0.551159
3.21878
2.53837
2.13697
1.38352
1.60394
-0.616633
0.452746
3.53875
0.917054
1.64125
1.52546
1.32509
3.56013
3.5694
0.252706
1.42564
2.04168
2.38281
3.16013
1.02345
1.51276
1.00496
2.00781
1.43064
1.91578
3.30296
3.14496
1.55238
1.20342
3.49415
1.19495
3.72857
1.35833
1.11347
0.538679
1.30745
1.96105
1.5017
2.66206
1.39289
-0.0757787
1.07132
3.83579
-0.55877
2.62967
-0.50108
3.68417
3.0794
1.67879
1.97379
2.51249
1.05221
-0.256367
1.91277
1.6811
2.28229
0.72122
4.39447
0.812367
1.31997
2.58446
1.29964
0.485273
1.99334
-0.0281289
2.61631
2.36451
0.307413
2.37638
0.005933
0.432921
3.0638
1.89382
1.59718
0.821833
0.271063
2.6088
1.72104
2.18214
3.2291
0.935031
2.05678
1.53309
1.06872
1.4624
0.90307
2.54609
2.43318
1.7758
0.923577
0.570552
0.936029
1.66415
2.18004
-0.123614
2.61137
0.975953
0.426732
2.61869
1.45599
1.83259
0.809773
1.46249
2.28898
3.09503
0.301367
0.305887
3.1518
2.61648
0.0531222
3.52777
2.21842
2.10485
1.90919
3.57195
2.68775
2.15881
0.496012
1.81806
1.8374
1.04561
0.784957
0.214705
0.635586
2.90339
2.54985
1.75266
3.615
0.757592
2.9495
-0.520339
1.57977
1.78487
0.957483
2.90449
1.72076
2.54052
2.38457
1.27361
1.47575
2.4913
1.39772
1.94161
2.19361
0.491875
0.956024
1.31569
0.72331
1.97483
0.422117
0.497797
2.42235
0.963201
1.07743
1.99252
0.860378
-0.169021
-0.728239
1.69978
1.1553
0.569886
2.3178
0.939429
1.2579
3.38779
0.276326
0.542699
3.91529
2.88495
2.61148
2.58863
0.883679
2.12976
0.937315
0.888714
0.346978
1.01614
1.1224
2.90214
1.48849
2.06018
2.5576
1.8916
3.59732
1.638
2.42184
3.10124
1.70565
1.07535
1.29034
-0.353842
3.20675
2.40209
-0.225168
1.16654
0.205626
2.45551
0.460464
2.75608
1.18215
2.58485
2.7346
0.873529
2.89527
-0.173872
0.746847
0.124041
2.89079
1.57629
1.9122
3.05066
1.38491
1.7069
-0.220946
0.326467
0.226493
-0.695618
0.933126
2.03122
-0.168691
1.22013
0.515257
0.903922
0.987515
0.874131
1.57711
0.965073
3.15731
2.42337
-0.28551
0.767996
1.71238
-0.172561
1.75852
1.29716
0.97273
3.32736
1.75204
2.42903
0.0333069
0.580088
1.57816
-0.484985
3.04323
2.13445
1.39754
3.36214
2.48583
2.49455
-0.287642
0.740296
0.0468977
2.22337
1.49323
2.1833
0.247832
4.77364
-0.494336
3.13144
1.45381
0.101759
2.71892
2.14301
2.02863
1.92733
1.57879
1.77369
-0.147724
2.67852
3.13955
1.31645
2.19143
2.7316
-0.277564
0.298872
3.92157
3.1102
0.966751
0.900089
1.78542
1.16855
1.81237
1.12882
1.99333
1.69206
2.66997
1.52287
2.72036
0.753161
1.06168
0.792782
1.91325
0.059257
1.35733
0.40959
1.46544
2.403
-0.0389691
0.997895
2.1052
2.17719
2.85219
2.28139
1.373
0.653244
0.705808
1.42405
0.803625
1.28473
1.78013
2.23965
2.06076
1.22783
2.9519
1.39056
2.14994
2.24898
1.88963
-0.0246121
4.16003
0.630715
2.85051
2.73404
1.37459
1.45176
0.837013
2.07513
1.36637
1.29257
1.25283
0.0446464
1.60842
2.87317
1.99918
0.264839
1.63957
0.90922
3.05959
1.28293
0.812914
1.9748
2.43549
1.80278
1.31878
-0.0609907
2.31927
-0.591663
0.663991
1.95996
-0.178439
0.939886
0.339297
1.91971
0.706684
1.64563
0.203326
-0.678214
1.26376
1.40191
1.71714
2.04547
1.79512
1.82846
0.21415
3.29584
1.45532
-0.292606
0.969163
0.735519
-1.34873
1.86106
1.28304
1.12516
2.1553
0.821181
1.43973
1.28126
4.31716
2.21988
1.98629
0.201331
1.2335
1.81849
0.317712
0.178698
1.14382
2.51276
2.39336
1.43006
0.217918
1.70962
2.83709
2.87223
-0.268745
2.33246
2.32302
0.902889
1.51271
1.77107
2.32575
2.35778
0.934087
-0.136479
0.462381
0.852413
-0.318258
1.86165
-0.497161
2.43639
2.80062
0.908728
0.914098
0.759842
1.3767
2.86749
-0.446991
0.990324
0.572234
0.806785
0.0247
0.2252
1.50737
2.59361
1.85237
0.016145
2.24841
0.517458
2.5543
1.02676
1.79452
3.05442
2.07848
1.59565
2.44663
0.623534
0.657168
2.74692
0.932558
1.40991
0.593447
0.76818
0.591765
1.7504
0.413332
1.61001
2.33215
0.431969
1.28539
2.93247
-0.966326
0.665362
1.86669
1.41463
2.01226
2.19266
2.63947
0.98766
1.86915
2.22348
-0.104488
0.48535
2.46409
2.52837
2.35563
-0.366841
1.12585
0.909342
0.576274
3.21179
2.8919
1.48269
2.19186
0.869619
0.972748
1.35445
0.154607
2.30788
1.90209
3.20005
1.2707
1.05239
1.37388
2.40355
0.801185
0.919969
1.43093
2.45541
0.457379
-0.551698
2.69132
0.596746
1.53708
2.03811
-0.1881
2.15715
0.0992373
2.96918
1.80094
3.5386
1.70529
2.18096
-0.203837
1.53461
1.20453
0.862586
1.68153
1.10144
3.51642
-0.264246
1.78981
1.23727
2.89111
1.39254
-0.0830514
-0.326701
1.54557
3.54479
1.39385
1.40967
1.31186
1.1659
2.66309
3.11966
-1.49996
1.92414
2.89944
0.182003
1.58089
0.499918
4.40334
1.50536
2.52222
1.22516
1.27051
3.68681
2.11622
0.485001
3.24761
-0.150909
2.16373
2.41156
-0.179854
2.954
1.31053
1.95834
0.41589
1.41605
-1.26942
1.61596
0.672405
-0.0543086
0.544605
2.19541
3.94803
1.74287
-0.769475
1.78824
2.21049
1.57467
1.75171
1.65334
2.45785
3.17202
2.19532
0.276444
1.18358
1.86971
1.1902
2.35888
2.52202
1.63591
2.2439
-1.71578
-0.68229
1.41908
2.4258
2.09115
3.0195
3.00929
2.63488
-0.0020472
0.126359
3.14495
2.93811
1.59078
-0.108017
-0.709566
0.217661
2.12589
0.718063
0.66194
3.22589
-0.102691
2.56535
2.26875
1.50104
0.985601
1.22121
3.33908
3.22134
1.59046
1.63095
0.885503
0.709474
-0.718614
0.769155
1.65785
2.51929
-0.504661
0.6068
2.90396
0.0594826
0.518744
2.55895
2.40527
0.693811
2.25222
0.740416
2.94203
2.16067
0.830874
1.5688
0.841524
0.984214
0.864427
2.70005
0.143814
1.70656
3.25542
2.21935
1.55277
0.515988
1.2927
1.75972
2.61166
1.82065
-0.402871
1.30647
0.38641
2.27466
2.394
-0.095533
1.17382
2.14122
2.00415
0.558624
1.27899
1.76045
2.69446
2.95235
3.08942
1.5959
1.29903
2.51604
1.5353
2.61415
2.36755
2.32845
0.758756
1.29943
1.73063
1.90025
0.172709
0.147235
3.65027
1.31893
1.98674
0.830198
1.51281
1.05181
1.57854
0.724684
1.02249
1.25468
1.6953
2.57766
1.97485
0.736725
2.95978
1.21541
2.62522
2.36215
0.624735
0.342318
0.80538
1.4459
-0.0950343
0.930634
0.986035
1.18795
-0.588772
0.242192
3.16234
2.69396
1.59174
1.98171
3.16812
2.53357
1.87402
2.52083
0.533072
3.29858
1.35454
1.41486
0.855468
2.83617
1.18705
1.55155
3.32817
1.55084
3.10169
0.913145
-1.03033
0.864133
1.64866
2.54355
2.34309
-0.0828817
2.96548
1.56139
0.429351
2.57496
1.19252
0.690594
2.4071
0.75126
2.75229
2.04586
3.07918
-0.369675
2.62313
1.81471
1.32068
1.67467
2.95057
3.78371
0.144427
1.88866
1.76425
2.67339
1.73242
1.77986
0.424865
0.417375
1.20007
3.11054
2.48933
1.76852
1.73778
2.34566
1.4866
1.50115
0.603529
0.0114585
-0.493221
0.565457
1.51345
1.55301
1.01163
1.66708
1.06504
0.884416
1.38421
0.535863
2.74553
2.10715
0.626727
0.166129
0.840236
0.695923
1.68426
1.29388
2.4307
0.684598
1.36631
0.674547
1.65258
1.53111
3.04195
1.93589
0.0289598
0.934547
0.285064
2.77574
0.720494
1.86293
1.4802
1.38425
2.05852
1.15915
1.87333
2.84515
2.10159
1.64268
0.890713
0.370695
3.25541
2.13955
3.44335
1.87114
2.70807
0.758053
0.542401
1.43988
-0.660477
1.29713
2.27972
0.649355
3.72156
1.90481
2.46923
1.09005
1.60047
1.80017
1.87149
0.768625
1.37432
1.19581
2.18669
1.92078
1.29239
3.12721
3.8511
3.75542
1.92654
2.24071
1.89866
1.79191
1.59457
0.76727
0.206359
1.40863
2.50276
-0.939194
3.74103
3.0029
2.33873
2.10724
2.23922
2.55171
1.39369
0.0389899
4.39519
2.40142
2.78895
3.4415
0.191673
3.26909
1.94537
2.23764
0.485184
2.09597
-0.349872
2.14319
3.03807
2.48143
0.633323
3.88999
1.83807
1.60606
3.07609
1.09602
1.20959
0.643333
2.04012
0.743805
1.44143
0.538814
0.973922
0.0552238
2.05188
2.01289
0.200216
0.210812
3.02288
1.90602
2.98734
0.904328
0.653267
0.837652
2.26417
2.61652
2.68835
3.00372
2.40967
0.063278
-0.482608
-0.718484
2.21545
1.91989
0.591856
1.44776
2.56662
2.08473
1.60738
0.697181
2.39095
2.71873
2.68205
1.21049
0.167839
-0.227683
1.55791
1.26732
1.68044
2.44836
1.69975
1.61407
1.05807
1.70698
2.2075
2.05789
0.670542
2.35196
0.387595
0.885382
1.38512
1.29495
-0.257945
1.95677
3.05781
2.04399
1.2981
1.6151
2.18551
1.26898
3.07916
2.05264
1.58106
1.6917
-0.275638
1.89542
2.36708
0.20771
1.25112
-0.0940849
2.68282
0.629253
1.72499
1.73645
2.15314
2.04459
1.64178
0.815038
0.829171
1.52244
0.334625
1.12787
2.05154
2.37758
1.62132
2.22909
0.458669
1.95638
-0.585781
0.281212
2.06599
2.7896
2.02118
2.37257
0.609061
3.41762
-0.00580719
0.891276
0.441509
2.77551
1.68663
0.272542
3.70288
1.73811
1.86102
0.743097
1.39869
1.35606
0.889685
2.80355
1.66763
4.04432
0.373195
2.74916
3.04526
-0.287736
1.56788
0.384821
1.74106
0.865787
2.1985
2.8755
1.81239
1.26565
1.21227
1.03406
1.34394
1.56542
2.45983
-0.226147
3.99908
0.0565357
-0.201452
1.29819
2.59453
0.966644
1.76775
1.17839
1.85898
0.949339
1.90939
0.0187046
1.99812
0.80037
2.19728
0.658812
2.48686
0.494618
0.516592
2.63607
2.1074
1.91135
2.51262
1.9644
0.267906
0.104483
0.532044
1.75365
1.27606
1.6814
0.987578
1.08584
1.93154
1.90705
2.74487
1.28451
2.15071
3.49763
0.276729
0.352613
1.44829
1.1632
1.42866
1.79737
1.17571
1.46226
0.878115
-0.433396
1.57803
0.932054
1.30502
1.22898
1.86459
1.18011
1.14676
0.216921
2.15034
1.98362
1.57794
2.64619
0.743107
2.48687
1.99628
2.02755
0.0742466
0.11983
0.36003
2.16447
-0.0556372
1.46847
0.533392
1.81267
1.9472
2.58156
2.32211
1.37984
1.33013
2.75839
1.90829
2.0296
2.29439
4.01768
0.220097
2.59043
2.9475
1.53189
1.1083
0.790783
3.68389
2.86572
2.78264
1.9742
2.85872
1.22211
2.38474
1.18722
2.04819
1.4454
1.01104
0.317052
1.15839
0.0495419
2.18521
0.185504
2.8129
3.09728
-0.308496
2.29119
1.79604
1.85639
0.606134
0.511153
2.10021
0.930845
2.43155
2.1846
3.95123
1.21692
2.12265
2.08816
2.00604
0.242945
2.34206
2.12229
-0.2585
2.9399
3.36831
-0.214666
1.24554
1.15546
-0.39998
1.75823
1.57168
2.01753
0.0351407
2.54198
2.00581
1.20252
1.20979
1.02341
0.140958
2.96919
2.72777
1.27129
1.34055
0.669418
1.27595
0.186697
0.584437
0.681607
1.03434
0.503144
0.705884
1.43038
1.00521
1.61433
1.30262
0.956124
3.26694
1.60941
1.72154
3.00494
0.494814
2.87407
1.14357
1.76688
0.0664543
2.53778
1.95057
2.13682
1.69458
1.70443
1.32142
2.42417
0.8627
2.83268
1.24966
0.638272
-0.275571
3.00237
-0.095259
-0.773135
0.945358
-0.361986
-0.920908
0.685963
0.505131
2.01282
2.30561
3.39421
2.23376
1.31627
0.912657
2.52321
0.876427
0.643231
0.948498
2.34574
1.15233
1.64949
0.395702
1.09192
2.92672
1.96808
0.597194
2.87837
3.0233
1.01777
0.153277
3.01861
3.33481
1.04083
2.0517
3.32772
2.60884
2.23789
1.6672
1.22703
2.01703
1.30861
0.458837
2.12639
2.68161
0.123656
3.31145
-0.380432
3.41602
1.95122
2.16521
1.7312
2.95373
1.32447
1.73679
2.95341
1.41352
2.79468
1.00544
0.233479
-0.696821
0.636387
2.39118
1.54766
0.0337005
1.66714
0.668735
2.69502
2.69037
0.0703015
1.3062
2.18409
0.955725
2.36645
2.00897
2.46087
1.48268
1.38124
2.05266
1.47166
1.15082
0.95853
1.34288
1.47522
2.51058
2.1356
1.21094
-0.269708
0.62273
1.309
2.5008
1.62295
1.40963
0.442432
-0.601102
-1.14993
1.07773
1.62663
3.37934
0.362997
1.54578
1.19216
2.798
2.0488
2.92882
1.11842
0.815165
2.99539
2.60981
1.74444
2.49596
2.39715
1.44872
1.05604
-1.30525
0.163271
1.39594
2.51325
2.25102
1.59917
0.303958
2.30617
1.26274
1.44375
1.43242
2.96009
2.21219
-0.260497
2.25047
1.93107
0.63888
3.3138
1.31089
2.80919
2.76589
0.635583
2.33155
1.52875
1.41916
1.97051
1.61996
1.62861
1.74983
1.56641
2.20013
-0.335846
1.08323
0.964023
0.149026
1.29784
2.56059
-0.410542
1.84172
1.59421
1.92837
2.31415
0.626233
3.21883
1.74436
2.07381
1.00618
2.98104
0.133744
2.0341
1.13063
0.853746
0.589164
1.19469
0.545898
1.25721
3.1133
0.903072
0.46389
3.26501
2.18479
1.35578
0.0770189
2.9906
2.36493
1.08885
0.972836
1.47852
1.17947
0.639654
1.48046
1.21805
1.40809
-0.141451
1.32136
1.6438
1.11939
2.10682
2.11234
3.68501
1.40228
0.5384
1.98552
3.07442
1.87607
0.666015
0.66466
2.50159
0.00304306
-0.389484
0.636443
1.20576
1.76662
-0.0347231
1.00007
1.09492
1.42735
2.25992
2.42938
0.277648
2.29138
0.987759
1.18427
3.00542
2.76759
2.1701
1.31315
1.17763
0.555509
1.39879
2.03469
2.73355
2.62614
1.0847
-0.236121
2.44527
3.5852
1.42468
0.137318
1.13166
0.991274
1.63301
0.00594769
1.96424
0.711099
2.13721
1.17683
1.29658
3.44772
1.46985
1.37616
3.14047
2.76774
1.69006
0.766131
1.21653
1.51921
3.01221
1.10685
0.44935
1.49057
1.78294
1.5303
1.88955
0.250426
1.44999
0.0770451
1.56157
0.934831
1.64418
1.20521
2.54211
1.26832
3.32258
1.60851
1.51672
0.988346
0.824525
1.37712
1.71164
2.65334
0.926024
0.727415
0.491756
2.50042
0.508349
-0.0822068
0.707947
0.85104
2.21666
0.855136
0.994068
3.0827
-0.838742
1.71799
2.8088
2.52463
2.84917
-0.554781
-0.194729
0.39867
-0.123071
1.67338
2.11031
1.83616
1.53198
0.572825
0.40706
-1.39461
2.82778
1.31549
1.18249
-0.261282
0.910964
0.83038
2.09996
2.68563
0.722375
1.11276
1.06377
2.05309
1.83118
0.726442
1.24061
1.97805
2.83449
3.06631
0.802978
1.54444
-0.148041
2.76805
0.0609291
0.719941
1.71754
1.40942
0.985856
2.22962
4.69483
1.89651
0.551178
1.19862
2.46099
2.11431
1.72507
2.23819
0.976063
1.33479
2.08378
0.795172
1.57651
1.49698
2.11742
2.03433
2.25419
2.83177
1.52221
3.08899
1.64934
0.122104
0.276014
-1.64059
3.27711
2.59214
1.10052
2.67087
0.323888
1.74251
2.27787
1.59699
2.70666
0.751712
3.3478
2.08459
0.6994
2.74674
1.02328
2.27778
2.43678
0.103808
1.15172
2.66651
1.67554
2.80957
2.34137
2.56609
2.22199
2.39907
1.27335
0.711768
1.6018
1.63324
-0.104873
2.05541
0.430944
0.491231
1.42622
0.432612
2.28421
2.78604
2.31867
1.18321
0.329975
1.98983
3.9598
1.95505
1.60397
2.54451
-1.04701
1.99003
0.0622154
0.805501
1.75809
3.37691
2.40951
1.34667
0.945484
1.76602
3.36659
0.309322
2.06073
1.77144
2.13688
0.460498
1.84931
0.874546
2.83444
0.226166
2.24134
2.91486
2.21161
-0.246458
2.18022
0.947098
0.604313
-0.0238708
1.95536
2.40788
0.212801
1.72955
0.258319
0.750412
1.9801
1.05825
1.54128
0.136445
0.660723
2.75503
0.762978
1.21405
2.55849
0.894074
2.73755
1.66251
1.31678
1.18934
1.81635
2.09226
0.683971
1.63178
3.17715
1.53278
0.598656
1.3774
2.17984
1.28684
2.18555
1.71174
3.03007
1.63306
2.03283
1.44876
0.848245
2.96165
-0.276008
1.93316
0.247449
1.89487
1.47647
2.01799
0.14981
0.592743
-0.790037
-0.583377
0.906159
1.92905
0.241585
3.33687
3.16832
2.03873
2.80638
2.1056
0.11099
1.96388
2.93712
2.12184
1.13313
2.28192
1.55337
1.08682
1.85681
0.471388
2.37354
2.56951
1.9007
-0.682955
-0.154907
2.55001
1.40752
2.27382
2.48561
3.57262
1.45288
1.42418
1.74962
2.71063
0.494284
0.691501
1.47933
1.63227
0.414538
0.958755
1.05815
1.64957
1.3851
2.13071
0.68368
1.20802
1.34145
0.28555
0.877344
-0.392216
2.82425
3.27271
0.562336
2.93717
1.13048
0.961685
1.99753
1.69154
0.747686
1.2798
-0.120173
1.86251
1.7027
1.36485
0.490461
1.2741
0.471794
2.00377
1.94882
1.11712
3.08127
0.296842
1.78055
1.8302
1.93752
1.27402
1.43189
0.87338
1.09342
1.87803
2.67214
0.995537
1.74663
1.31003
1.64181
1.29822
2.33213
0.753669
0.718003
0.810295
1.97287
1.73512
2.21808
1.4416
0.287283
2.62359
2.64991
0.0798057
-0.176726
2.38876
1.11299
1.21808
1.42472
2.31846
1.5098
3.25119
3.50284
2.17805
0.784126
0.933549
3.06276
1.51381
2.70628
-0.382553
3.17971
2.5452
0.974685
1.69312
0.913248
1.12366
-0.210154
-0.26596
2.51582
2.04501
1.60729
1.52115
1.53563
0.577464
0.70338
1.27881
1.32654
0.66569
4.13921
1.3948
1.0675
0.683178
2.55407
1.98734
2.29777
1.56527
0.966535
2.8685
0.494383
-0.468216
2.14071
0.109452
1.21926
0.735057
2.12017
3.10097
1.73683
1.8004
2.44608
1.63644
1.4705
1.76687
0.786166
0.485656
1.9655
1.38756
1.29818
1.24023
2.65982
1.61249
0.576079
-0.298533
2.14259
2.3854
1.23075
0.792659
1.93963
1.76341
2.33174
0.387114
3.0803
-0.549724
0.436834
1.89575
3.06652
1.20539
1.48413
0.015707
1.09317
1.65282
1.75161
1.52271
0.791108
0.418688
0.462556
-0.814775
0.821702
3.92415
0.626831
2.74449
1.61887
1.40061
3.50161
0.800903
0.962394
0.888227
0.690552
2.08153
0.649156
0.473657
0.217867
1.38146
1.38336
1.80906
2.76729
1.06842
1.02027
2.01877
0.197514
-0.508497
2.65367
2.47166
2.23481
0.803312
1.07738
1.799
0.879527
1.31014
1.98931
3.57691
1.95933
2.13661
1.87263
0.86035
-0.178649
2.51477
1.54223
-0.141209
0.161028
1.80505
2.85693
0.945449
3.79734
0.365233
2.46246
1.72707
0.601434
2.33992
1.98887
2.78998
-0.381884
0.441355
0.599932
0.128282
2.23431
2.67951
1.07077
0.255053
2.05051
1.65046
0.190794
0.69018
1.48388
-0.240533
0.25073
2.40464
0.00974944
0.833225
1.28657
1.3518
2.72842
0.145509
0.105293
1.33525
2.36685
2.31189
2.73863
0.817188
0.297225
1.77299
1.80516
1.3315
0.935021
0.851637
2.47458
1.53375
1.89617
-0.557778
1.92046
2.76468
2.7812
1.32513
0.547185
0.330119
0.291287
0.886934
2.42884
0.701083
1.93147
3.47111
2.35706
0.578966
1.82035
3.0092
0.744172
1.05059
2.30447
0.713411
4.38749
2.14397
2.37102
0.0087039
1.34908
1.31498
0.214142
1.5155
3.06849
2.80909
2.24844
2.47728
2.0137
3.84199
1.22627
2.11841
-0.203437
1.84625
1.3678
2.27619
2.49472
0.828434
3.80863
1.50252
0.0409787
2.69031
2.09609
1.90459
1.6901
3.58294
1.80379
0.400702
1.82517
0.918369
2.27672
0.250142
1.35002
0.555988
1.16055
2.95588
3.60433
0.599446
2.19892
1.73675
0.73978
3.56383
3.35799
2.24085
1.84979
2.62326
4.26136
1.52202
2.61728
2.02625
0.407387
2.61242
1.00897
1.14448
3.06194
1.60286
2.7722
2.47173
0.513019
0.923781
1.95693
1.93502
1.47393
2.0356
1.29881
0.712045
1.15335
1.06918
0.999902
2.5569
1.20958
-0.634753
2.15558
1.93913
1.39918
4.07308
1.39236
1.01967
-0.134774
0.940874
2.91772
-0.648773
0.241191
1.22994
-0.418268
0.139523
0.461412
2.16349
1.17286
1.32351
2.78567
1.65964
2.8882
1.68801
3.12532
0.675369
0.0429111
1.872
1.0007
0.247689
1.50149
0.612485
1.48962
2.50308
0.998559
1.91339
2.14402
1.65758
1.61058
0.0618838
1.45075
-1.04037
0.101381
1.39184
-0.415582
1.20195
1.17755
1.55324
1.94074
1.18301
1.31152
3.0933
3.45652
2.49945
1.99567
1.64439
1.75289
0.950851
1.26426
-0.308671
1.66305
2.38264
1.27901
1.59101
1.93382
1.63761
0.704727
2.06339
1.44037
1.36386
1.58116
0.97712
-0.385532
1.73782
0.471633
2.99426
4.66466
2.97503
-0.0258879
-0.123163
1.97972
0.761269
1.26932
1.03395
1.52738
2.89229
1.06387
1.59765
2.0874
3.09746
0.515539
2.06326
2.67905
1.60202
2.75954
1.39736
1.31108
2.42683
1.1073
2.40452
1.06745
1.29005
-1.90044
1.06261
0.800343
1.18193
0.531195
-0.0723577
2.62433
0.22847
0.856016
1.86064
1.36005
0.106186
0.75038
-0.0357401
1.02485
2.03863
0.203949
0.499422
0.555033
1.49475
2.10161
2.8
2.28869
0.439087
3.13564
0.135492
0.289943
3.15885
1.32633
1.33537
0.401251
2.8985
0.374455
2.33373
0.0087239
0.947569
1.9199
1.50912
3.82834
1.42856
2.176
2.61419
0.133458
1.4347
1.14248
2.23064
1.45929
3.24785
1.61935
0.501997
2.80068
0.649531
1.18271
1.61948
2.88967
1.12633
2.15978
1.69115
2.15102
2.80779
1.20846
1.60034
0.314342
2.4795
0.863928
2.40327
2.61338
0.676478
0.581336
2.61448
0.399928
2.5641
0.373062
1.01411
2.23626
0.930333
2.19084
0.836709
0.915373
2.71989
0.520032
0.840581
2.04798
-0.554459
0.97286
3.10856
0.509883
1.06986
-0.989105
-1.31026
2.11862
1.79775
-0.18548
1.92197
2.33084
0.810029
3.79232
1.62751
2.74617
2.98945
1.62305
2.86336
3.81905
0.551936
1.68355
1.31408
1.11388
2.36975
2.0003
-0.110671
1.20259
1.81162
1.66808
2.07046
1.14443
0.345415
0.265417
0.792566
2.8706
1.12176
0.211743
2.3266
2.58784
-0.407563
0.797591
1.89197
0.839703
2.55624
-0.179706
1.12443
2.70499
1.5664
0.619393
0.240225
2.19844
0.651007
2.28662
2.07467
3.57101
3.07875
2.08354
1.48415
1.7684
1.86776
0.447709
0.845649
2.01051
2.69292
1.52778
0.953021
3.39845
0.126329
1.30915
2.45541
1.82802
3.97963
2.54613
0.278894
2.29148
1.05215
2.28639
0.566363
0.681006
-0.392541
1.58875
2.87111
0.613249
1.248
2.0804
1.93252
2.8117
2.44218
2.83264
1.07596
0.755642
0.806353
-0.451297
2.14783
1.96198
3.13239
1.42226
1.59541
-0.796623
2.92453
1.88513
1.27004
3.23711
0.471629
2.03759
0.920604
-0.345654
1.20317
3.05673
1.74674
1.17503
2.60544
1.98561
1.43943
3.60888
2.42132
2.99619
1.67226
3.45625
4.29008
0.465268
-0.820861
0.970196
1.15837
0.123868
2.80293
-1.40997
0.334704
2.71123
3.07282
1.68409
1.57962
1.98821
0.597225
1.2828
3.27632
2.53673
0.304822
2.24014
1.02358
2.31926
1.44564
-0.876073
1.26957
1.28353
0.263905
1.68764
1.56205
3.87254
3.23318
2.09905
0.483031
3.82642
0.405217
1.93715
0.620317
2.91271
2.63857
0.766457
2.07257
1.52918
0.605738
1.82009
3.73234
1.78775
0.404219
0.966191
0.400449
0.1056
0.831327
-0.749796
0.847283
1.40815
2.1722
2.43118
1.33063
1.07757
0.554586
3.40325
2.4348
2.24768
0.298839
2.73918
0.0022047
0.219714
1.14282
0.78592
1.95595
2.58807
1.31463
2.29541
1.45006
1.46852
-0.330072
2.49719
1.10338
2.63159
1.03667
1.32904
0.524754
2.11118
0.401728
1.11611
3
2.3069
1.02115
2.52717
0.131075
1.68505
0.54735
2.83945
1.26888
-0.75279
2.47195
-0.132389
1.0137
0.444465
1.98142
0.36555
4.21322
1.6013
2.39622
-0.659281
2.23707
1.50384
1.54374
3.24447
2.74119
0.126223
0.558202
1.52158
2.52528
3.1583
2.93731
-1.15903
1.76352
1.69118
1.24976
1.15105
1.64542
1.84472
1.77536
1.32436
1.91683
1.21755
0.563269
0.695492
0.797551
2.57244
-0.35026
2.03287
0.420297
1.12954
0.914158
1.4909
0.460483
0.965583
3.10958
2.0658
0.294579
2.19462
2.05027
1.21894
0.3929
0.344185
1.60065
0.952761
2.37497
0.0206604
0.555634
2.90802
0.162656
1.4755
2.46423
0.443543
1.96324
0.800701
0.951421
1.36887
0.460004
1.75023
1.5494
0.189467
2.2582
0.685976
2.9201
1.86715
1.75106
1.64281
2.15085
1.44814
1.59352
1.01059
0.44583
0.787758
0.206118
2.18306
2.37448
1.11954
1.21105
3.28692
2.73478
1.69215
-0.0194827
0.953051
2.32896
-0.274395
0.885994
0.845622
2.95135
0.535114
-0.152575
1.94025
2.49648
0.821815
1.99748
0.460388
0.205244
1.64562
-0.412401
0.327977
2.45857
0.140185
0.453558
0.615785
1.8307
1.97829
1.162
2.47616
0.79551
3.14021
1.21147
1.97672
2.37744
0.173796
1.10102
1.6717
0.787109
2.26015
-0.554868
2.92086
2.51254
2.94265
2.10865
2.5281
-0.0515882
1.01485
4.01653
1.02067
-0.321991
3.54311
1.47986
3.11492
3.72668
0.439091
2.63846
0.723016
1.27433
0.276702
1.82567
2.67064
0.835283
0.815789
2.13755
0.940832
-0.510499
1.55741
1.1696
0.640877
1.17353
0.750915
1.13078
2.4638
0.735329
1.97418
2.10127
3.14151
0.557394
2.50713
0.995972
0.628621
1.60713
2.7212
2.17203
2.10709
1.54463
1.09256
3.57901
0.662598
-0.187251
0.771561
4.13247
2.25502
1.33871
1.43133
-0.115549
2.62614
2.57478
3.75169
2.09068
1.82323
1.31324
2.09677
2.83088
1.31951
1.06054
2.71212
2.95498
2.64109
1.76918
1.33367
1.22077
2.28001
1.74368
0.214521
2.5547
1.24915
1.86274
1.32326
-0.151215
0.657304
1.88651
0.922422
1.0148
-1.01807
0.712329
1.47791
2.40522
1.82651
3.05795
0.944435
2.44204
2.492
2.38433
1.32618
0.509017
0.259912
2.63751
1.95708
1.53207
2.11823
1.26142
0.772226
1.8515
1.00625
0.746652
1.79482
2.24164
0.93063
0.689785
1.62152
-0.46284
1.23722
0.761631
1.64565
1.00489
3.40562
2.66745
2.62747
-0.0540152
1.53804
2.50857
2.37122
2.26587
1.00432
1.6305
-0.0922365
1.15246
0.740869
2.82559
1.41005
0.0123568
2.61939
-0.293898
0.805248
1.58211
0.957993
3.99787
2.40926
1.92755
1.87719
-0.143125
0.764166
0.464971
3.12347
-0.256461
2.29945
-0.533437
1.90093
2.6536
2.79344
0.635129
1.03499
1.68287
1.77919
1.1916
0.192855
1.72887
1.29461
1.61071
1.20505
1.90991
3.30063
1.0769
0.885673
1.89112
-0.277227
1.90316
1.11008
1.31817
1.59341
1.29082
1.99576
1.90809
0.429461
2.65406
1.0945
1.86946
1.27667
-0.642188
1.24435
0.465895
3.04796
1.10655
0.945648
0.468214
1.2271
1.27814
1.94431
1.16788
1.62793
2.75805
0.506465
2.19468
2.19596
0.23926
1.64715
1.24064
1.75863
-0.330301
1.32745
1.18948
1.61358
1.98005
1.88839
3.17167
2.89163
1.17926
0.331066
1.9091
1.94329
3.95269
-0.513978
1.88837
1.52449
-0.321342
1.46211
2.09711
0.0791394
1.59173
0.389116
2.58197
2.34453
2.88205
0.942686
1.92714
3.37711
-1.26955
1.28677
1.73744
0.935609
2.78272
1.75742
2.79738
-1.23034
1.34319
1.19006
1.51655
2.65562
1.49555
1.96354
3.51361
2.51812
2.02959
1.9349
2.2438
1.42305
3.14559
2.4242
3.37617
1.83961
0.877253
2.70941
-0.612225
2.1011
0.188814
0.0422064
0.636657
2.31567
2.18885
1.49694
0.803132
3.57767
0.587443
2.39457
1.29418
1.68302
2.14632
0.987377
0.777909
2.59869
1.56396
0.310877
1.89555
1.30628
1.37662
1.05509
1.56301
0.869755
2.46725
1.37646
0.813938
2.26315
-1.24525
1.95806
3.34655
2.9852
1.61361
0.7847
2.10885
2.4921
0.573839
1.57303
3.36183
0.421835
2.04027
0.772061
1.6196
0.416983
2.25136
0.428613
1.76115
0.528873
1.80209
0.897082
2.43055
0.373055
2.23655
1.14992
1.49035
0.826197
2.20213
2.43965
0.614853
1.60724
0.0776942
3.20146
0.731288
1.32449
2.86639
0.528151
0.729569
1.22226
1.05807
2.42249
-0.218452
1.94878
0.411289
0.529481
2.67525
0.652961
0.804029
1.12483
1.22152
1.58138
1.32761
3.73689
0.524565
4.75339
2.30504
1.01587
0.780995
0.171999
0.746184
0.646484
2.91955
0.550144
2.08433
2.02039
2.35207
0.514557
2.45033
1.17268
2.40018
1.78145
3.22633
4.7818
3.4977
1.68856
-0.0687789
0.871688
1.03364
1.19525
2.57885
1.70598
1.5536
0.235758
2.20787
1.41742
0.71364
1.22933
1.57037
2.84685
-0.795318
1.4968
0.979363
1.4772
2.42061
1.00589
0.39421
0.823333
1.65212
1.62865
0.971923
2.29479
1.27555
0.143196
3.21186
1.8872
2.1933
1.0371
0.693756
2.46743
1.03504
2.07943
1.94117
1.80471
1.81898
1.38022
2.41786
1.39359
1.78465
2.2248
1.45081
2.23979
0.993388
1.0018
1.65197
2.52993
2.09516
2.35005
2.07517
0.125792
1.55717
3.17356
1.44016
0.972107
1.19313
2.72769
1.66444
0.503854
2.07833
1.87343
1.91752
3.59742
0.810149
1.3979
-1.04559
1.79186
0.973019
1.78475
0.482792
2.21689
-0.408529
2.14344
0.0647432
2.40927
1.91559
1.79788
0.338996
2.43258
0.739356
0.794
0.859249
1.82413
2.05551
1.40529
1.6295
0.664614
1.07219
1.33022
1.1506
2.7923
0.778968
1.69612
0.95741
2.37507
0.530091
0.522443
0.302896
0.686605
-0.0182629
1.45709
0.628846
2.90979
1.1254
1.48417
2.55891
0.594374
1.2522
2.2526
1.6165
1.82403
1.8567
0.260822
1.53089
1.59793
1.04436
1.91484
2.48122
-0.525373
1.2272
-0.745436
0.14138
0.921305
1.07951
0.621541
1.63345
2.69689
3.22504
1.66143
1.64616
1.79532
1.31322
1.52076
1.49511
0.809013
2.69603
3.05391
1.22326
3.21999
1.31999
1.18163
0.685224
0.624951
0.807311
0.86095
2.71862
3.08523
1.19305
1.22411
1.35015
0.700081
2.555
2.04805
-0.650247
-0.271397
0.497066
3.6586
1.19319
3.08124
2.22274
0.481616
2.03688
2.03308
3.38754
2.61895
0.282118
2.19843
0.554632
2.02217
-0.674395
1.87829
2.92951
-0.960016
1.27793
0.979447
-0.0158273
3.22379
3.57037
0.335679
1.00183
0.171868
1.84916
1.06771
0.639053
1.32396
1.39127
3.19096
0.6384
2.13529
1.93347
1.34757
0.974093
-0.497372
0.578271
0.402274
3.40474
0.447283
2.2373
3.50192
2.23774
2.61559
0.863732
1.3004
1.99651
-0.582169
2.53881
0.97426
-0.203204
2.4419
0.652937
3.77188
-0.0252576
2.25663
1.97233
0.71968
2.24055
2.11806
0.767698
3.60118
1.61178
3.14439
1.4598
1.572
1.19143
0.522404
1.8481
2.52999
1.51846
1.35989
4.08103
1.50956
0.172338
-0.62291
3.68484
0.745276
1.54671
2.59034
0.815764
1.53404
2.71235
0.431331
2.4685
0.818767
1.71858
1.11802
2.80595
3.11947
1.29091
0.95923
0.985675
3.2296
2.80484
2.96116
1.17858
3.94722
0.166585
2.20868
-0.276232
0.777384
0.383898
2.91419
1.02863
2.5901
0.302796
1.70207
1.03989
1.63979
1.93243
2.18291
1.52989
1.69608
0.5221
1.08812
3.18991
-0.361953
1.42181
1.75522
0.954668
0.656453
2.66932
-0.0428403
2.06904
-0.0607117
-0.34329
1.37439
0.175694
2.75039
2.40963
1.46265
2.2642
2.50332
2.07918
2.79873
1.79064
0.410272
1.1952
3.59538
2.85148
0.747906
2.36392
0.891934
0.2947
1.26767
1.18705
1.76019
1.77115
3.17941
1.02414
1.60771
-0.355949
1.48053
2.63024
0.936758
2.14235
-0.277672
1.2389
0.213043
1.2876
0.784307
2.47486
1.2
0.142725
1.95529
0.385381
2.17715
0.396646
2.05914
0.243578
2.14776
1.85459
2.37598
1.28574
1.80074
1.57376
1.58172
0.726955
0.702076
1.4279
1.32267
0.113247
2.16767
1.35205
1.26104
0.469128
1.59871
0.791534
0.915404
1.06024
1.65205
1.4247
1.42298
0.746656
2.70958
0.681588
1.45697
0.871042
2.13487
0.239479
1.71029
2.35717
2.53061
2.25895
1.45844
0.00716703
1.94404
0.0668381
1.16746
0.366164
2.84322
2.13397
-1.62138
1.72264
1.35253
1.4369
3.24408
1.877
3.51499
1.27323
1.14691
-1.21613
2.70801
2.78526
0.534916
1.42283
1.56217
0.911479
2.99529
0.562658
-1.34262
1.35164
-0.0722338
1.27177
0.293234
2.48121
1.61364
3.02743
-0.479599
0.73361
3.87353
0.740595
0.912259
1.70553
2.89564
0.779174
0.853678
0.533604
1.3915
1.3551
0.816615
1.42342
3.90647
0.379037
2.5301
2.03665
3.7677
1.57947
1.5437
0.421673
2.13957
0.80591
2.68629
2.74753
1.34017
2.65825
1.73387
2.33257
1.32133
1.02007
1.38713
2.56101
3.15114
1.40327
1.72581
1.4624
-0.58926
3.00366
1.3813
-0.231
2.82869
1.15506
2.79077
2.63757
0.0186821
1.72661
0.853054
3.38849
1.39034
-0.233302
0.337457
1.29537
1.60885
1.71131
1.37906
0.897018
-0.590861
2.49467
0.952674
0.272573
2.06459
2.32896
0.998243
0.681275
4.05209
3.38043
1.08108
1.93951
2.7111
0.91771
-0.290578
2.09347
3.55171
0.610915
-0.215966
0.675815
1.22582
-0.948667
-0.951081
0.828078
0.243274
1.38245
0.538682
1.18841
1.71012
2.59597
1.34968
1.62367
2.40191
2.44679
2.11718
2.25952
1.42968
0.524505
1.52775
0.78192
1.56744
-0.00721183
1.79145
2.06483
1.01892
-0.163296
2.19815
0.422525
2.02657
1.32588
-0.528219
0.138079
1.77392
-0.19385
2.8737
2.50145
1.15544
0.70837
1.39734
1.61295
0.661216
1.58236
1.61493
2.87124
4.11035
1.90623
1.50822
0.835877
2.33841
2.93093
2.57536
-0.158736
2.2488
-1.02903
0.345404
1.69901
3.94289
3.37714
1.4529
2.33368
1.47166
3.29639
2.30063
0.530272
0.921843
-0.263975
0.921175
0.641063
2.61827
1.19562
1.64807
1.8415
1.87127
0.559525
2.29473
2.5355
2.31943
0.607139
-0.859012
3.46326
-0.55936
1.46553
0.290844
2.35462
0.920555
2.89864
1.0274
1.02784
-0.359456
1.73884
1.05121
1.99868
1.4228
0.887759
2.23411
2.75157
1.30158
2.72579
2.77488
2.60283
1.73418
2.28298
0.535469
3.23358
2.72316
2.07075
3.04025
2.06427
0.752424
0.635404
3.46776
0.827741
3.10095
0.0267919
2.53249
2.50847
0.742794
2.41438
1.61855
1.01443
-0.266617
1.27317
0.558822
2.25903
0.611165
0.290558
2.37933
3.56777
2.2641
3.25259
1.45974
1.3151
-0.963352
2.40519
0.28683
1.07521
0.382355
2.79572
0.739082
1.96114
1.72956
2.25985
2.28951
-0.150302
1.6781
0.998329
0.743077
2.70259
2.15684
1.65852
-0.189451
1.03092
2.34115
2.99939
1.01538
2.37975
4.15555
1.55651
1.42602
3.04456
2.32121
0.0557312
1.68736
2.84361
-0.0349981
1.30595
2.70559
1.9062
1.24007
1.39579
0.559439
1.17246
0.814967
0.975157
0.348321
0.0925684
1.97288
0.00875509
1.07504
0.964208
1.20012
3.17003
1.98032
-1.34578
2.24714
0.974495
-0.0465571
2.1322
-0.322029
-0.286692
1.03303
-0.628269
3.08783
0.886585
2.00738
0.385272
-0.197547
1.53521
1.03627
1.84165
1.88485
0.440276
2.09709
2.10644
0.391569
3.29842
1.45358
0.762691
0.593019
0.225498
1.28873
0.303278
2.27627
3.02467
0.0911385
1.88498
1.36665
1.90224
0.140154
2.97954
2.23321
2.48149
1.85345
2.73071
2.19753
1.89267
3.32419
1.58959
0.699411
1.06506
1.01101
3.15948
1.29053
0.837573
2.22466
2.14938
1.62585
0.752087
1.46161
2.99759
1.93525
3.32939
0.120722
0.9291
0.703248
2.53613
0.052378
2.0569
1.18438
1.19956
1.4432
-0.3084
1.31491
1.77084
0.627759
1.65398
2.00065
1.72542
3.28649
0.498397
1.99265
1.61298
1.53884
1.51589
2.63112
-0.308751
2.58467
2.66636
1.70802
0.898213
0.850574
-0.381474
2.77775
2.16324
2.86854
1.41912
2.72572
1.30266
1.75441
2.40148
0.949855
0.0997309
3.0784
1.50571
3.23962
1.16589
2.81999
0.973461
1.81416
1.78181
1.89565
2.34445
2.04986
0.999201
1.3379
2.14905
2.10596
1.23087
-0.373334
2.59453
1.80794
0.209621
0.876765
0.481761
-0.316447
2.19994
0.175472
0.841855
1.75219
1.2899
3.13874
1.61805
-0.0179642
0.544665
1.6203
1.57397
1.82354
1.66166
0.926166
3.8815
2.26709
2.40413
-0.414352
1.6274
1.481
0.224629
0.0490336
3.04564
0.0926706
1.14251
-0.208873
3.01026
1.67709
1.03584
2.31805
1.71977
1.42495
0.634169
1.96598
1.04628
1.29596
1.12676
2.63339
3.49437
1.8342
0.697961
0.854438
0.619847
1.83775
1.50356
2.96501
0.999622
1.33432
-0.489403
0.814371
2.73328
1.18425
3.93801
2.08777
0.862097
0.0093266
0.238313
-0.375242
3.57408
1.39377
1.85549
1.29498
1.11475
0.21464
0.156533
-0.383681
2.97608
0.716647
2.55428
1.87504
0.489928
0.323931
3.42581
1.90502
0.40964
-1.02707
3.53958
-0.585615
1.44277
1.72314
0.791711
2.70339
2.91836
0.598129
0.256707
2.02671
2.01469
2.34711
-0.281395
-0.480398
0.476753
1.51281
1.7924
2.71565
1.27656
2.30361
3.10425
3.4614
2.80834
0.900885
2.02593
0.604759
-0.0389829
1.34559
1.62541
2.0768
3.99439
0.393891
1.06932
2.36624
1.03692
1.09921
2.16744
2.06741
3.29303
0.464224
0.312186
0.842039
0.627305
0.681091
1.20293
2.25826
0.411002
0.891743
2.60998
1.77964
3.21545
2.11706
2.0974
2.53058
3.22671
2.16582
1.69174
0.560245
1.2468
2.58679
-0.110031
2.66444
2.07903
0.568187
1.30236
2.20117
0.736007
1.07923
0.775252
1.63619
0.443923
1.83998
2.13197
1.76949
1.62749
2.17029
2.72017
2.88595
2.8378
0.570148
3.65296
0.411502
1.32423
2.15737
1.86859
0.0359616
1.9116
0.568682
1.73181
1.93588
2.03109
1.30728
-0.0979041
1.01769
0.12523
0.861191
0.474028
1.88797
1.72294
2.83415
1.2849
2.80994
2.81706
1.15867
1.01871
1.74641
0.817453
1.78254
-0.0711003
1.00149
2.92575
0.0675227
3.81432
1.04868
2.59936
0.472093
1.73762
1.59252
1.41037
1.82133
1.56673
2.67031
1.16259
0.497507
-0.00110688
1.63748
0.282193
0.476635
-0.424899
2.90172
1.66163
1.3727
0.354967
2.74949
1.71307
3.47346
1.11674
2.35106
0.86692
0.623908
1.1523
0.785214
1.72951
1.20586
0.707076
0.959386
1.46549
1.45884
1.21404
2.59055
1.75762
2.08733
0.964115
1.49549
1.22781
1.24557
2.92688
1.02021
1.23253
2.95328
3.41786
1.13302
1.19669
1.27521
2.12141
2.56995
0.420634
3.79108
1.38502
1.49266
2.16079
-0.248255
2.7446
0.868616
2.53392
1.23528
1.55262
1.42335
-0.505673
1.58508
1.55953
2.70715
0.934451
0.85919
1.72039
2.09479
0.96985
2.43571
1.84983
2.39683
1.24059
0.869909
1.02957
0.552296
0.364544
0.816965
0.072432
2.20741
3.47697
-0.394195
0.908056
1.4815
2.25843
0.821122
2.08509
2.76569
3.19037
1.63949
1.84556
1.79622
0.912207
0.5396
1.62925
2.34531
0.928872
1.84087
-0.167089
3.0337
0.485621
2.54296
2.92967
1.11503
1.45349
1.86903
1.81781
2.95224
3.19554
2.50092
0.711477
1.80188
2.84689
4.10733
-1.25207
1.35294
2.65884
3.7405
1.24612
1.72154
2.86888
0.727813
-0.145218
2.96662
2.84871
1.13584
1.53793
2.28042
0.284967
0.897997
2.38796
0.96865
2.46885
0.502818
2.52948
2.14478
1.15546
1.43621
0.397088
1.95954
0.887066
1.24494
1.61782
1.14376
1.57143
1.49501
2.30412
1.17855
2.08039
0.861966
1.57057
1.92508
2.03494
1.01984
0.625889
2.93901
0.904351
2.51803
3.46268
1.27601
1.9617
0.93872
0.767823
3.17718
0.944866
-0.164594
1.8509
0.119728
1.17039
1.20885
1.92618
0.511538
1.51746
2.67748
1.1622
2.6911
1.07358
1.30617
2.01241
1.04414
1.56783
2.13251
0.591096
1.5944
1.71286
-1.08603
0.78514
1.28978
0.771286
1.84311
1.17708
1.54519
1.25117
4.19759
2.63539
0.839728
-0.176305
3.79253
2.65369
2.82422
0.463703
1.13605
0.373979
0.952085
0.0861361
1.3624
1.09513
0.20632
0.913514
3.5266
2.47639
2.85273
1.63186
2.01282
2.31844
1.08951
0.70562
0.334178
0.404027
0.4958
2.00744
1.53656
0.37387
1.23539
1.80422
0.401071
1.02392
1.98146
1.43423
2.44612
1.64976
0.478668
1.84996
2.49654
2.54578
0.156589
2.48828
1.31769
3.10899
2.60466
2.74906
0.529664
3.42454
2.85237
2.13787
1.91882
5.09658
0.577157
1.44874
1.35148
2.05007
2.66759
0.413903
1.78408
1.25315
0.985622
-0.420769
1.67874
-0.86698
1.11478
0.433083
0.831528
1.18264
-0.189706
0.634317
1.79749
0.999185
3.27428
1.8737
1.1644
1.32293
1.51536
2.45142
3.54924
1.44768
1.40376
2.89017
0.814436
1.25482
1.97142
0.387256
3.76012
1.00103
3.22678
1.03967
0.774838
1.49543
2.23786
2.46018
1.44856
2.81995
0.316246
2.62789
3.23186
1.51441
1.07606
1.83749
3.17484
2.34217
2.47504
-0.0149656
1.42533
0.362841
0.946051
1.04296
1.04674
3.15739
1.04631
2.80043
2.11986
1.06078
1.77101
1.49989
1.9726
1.47939
0.598281
2.39192
0.94155
1.70892
0.51518
1.76551
3.25148
2.05424
1.25216
1.24118
2.2767
2.45972
2.95518
3.51165
1.22108
0.797364
1.03258
1.26212
0.805374
0.579708
3.37505
0.35147
3.93815
-0.204066
2.09832
3.34758
0.801793
2.74892
1.06183
1.91324
0.930443
1.41912
1.8002
1.84701
2.18247
2.75583
1.4372
1.92477
1.8951
1.72488
0.99702
0.637572
1.15039
2.09553
0.930459
1.28672
-0.471112
-0.371204
2.40641
0.452484
1.87402
1.99346
0.312219
1.01949
2.42272
-0.286133
2.7101
1.43987
-0.00996885
2.12565
3.17495
1.85093
1.80798
1.77392
0.608481
2.81314
-0.0495691
0.355028
1.43066
2.42519
0.477101
-0.0149957
2.53033
1.34778
2.83984
1.63997
1.2027
1.35173
0.517511
1.87065
2.03146
1.78592
0.896353
1.45935
1.93907
3.10012
1.81276
1.33562
0.839599
-0.375707
2.07114
2.71258
0.875774
1.42573
1.1679
3.00901
0.257475
1.18857
3.16035
0.989099
1.81223
2.30453
1.46312
-0.24106
1.55489
1.45251
1.39232
0.758125
3.27557
1.59028
1.48995
1.96899
1.42293
1.84507
2.35019
1.21171
1.74993
2.38584
2.20625
2.24811
1.25602
2.00152
3.94172
0.350445
0.536714
1.06382
1.04044
4.01189
2.33788
1.54157
0.459504
-0.308348
1.55576
-0.15737
0.599028
2.28963
1.18211
1.14306
0.774469
1.76874
1.42639
1.44084
1.62532
0.00852029
1.38146
2.04325
1.31465
1.35564
0.85193
-1.43458
1.94761
-0.652336
2.21955
0.541755
2.1512
0.97097
0.563371
1.20814
1.65206
0.741395
0.981411
1.12105
2.05903
1.26002
1.93899
1.4049
1.81851
2.93448
2.99506
1.9848
0.924854
1.37617
-0.778542
-0.0753642
0.821635
2.15705
0.697563
0.507851
1.5999
0.736238
-0.701409
2.76942
0.224332
1.29398
0.607386
2.13614
1.34727
0.718565
0.463966
0.173496
0.89846
0.441322
0.493526
-0.49871
1.74282
1.34679
1.14772
-1.02434
0.9616
3.64864
2.55271
3.08726
1.69987
2.05536
1.14959
1.9987
2.44719
2.69545
0.708372
1.23661
0.788434
2.26581
1.30855
0.589648
2.18527
2.1476
1.82936
0.961095
1.04168
2.82944
2.56864
1.27622
2.63424
1.49076
2.51045
1.76533
2.6854
3.23774
0.207832
-0.0379247
0.664144
1.26013
1.36335
2.70209
1.73598
1.84284
2.12118
1.06112
1.31165
-0.156135
3.6711
1.17387
2.16225
0.709255
-0.171264
0.334639
1.91517
0.643512
2.39034
2.78388
-0.278371
1.75635
1.56663
1.35493
1.16308
1.79469
0.0241266
1.36206
0.992516
0.881812
0.126071
2.5757
1.20284
2.70669
0.298801
2.90748
3.56084
2.35133
1.19996
1.56555
0.49357
2.6689
0.5209
2.68834
0.0579826
2.57176
-0.015554
-0.486012
2.66723
1.03625
1.67229
1.53886
2.59705
1.21537
1.91587
2.28115
0.675461
3.55279
0.673693
2.7985
0.232974
-0.94781
1.48933
2.74353
0.455717
0.0695945
2.79183
0.100009
1.65228
0.591264
1.17314
2.31344
1.92267
2.13749
2.81259
0.624787
1.14531
1.27967
-0.796038
-0.0510436
2.36743
0.976026
1.22054
-0.0596788
-0.639085
1.79623
3.10153
0.234879
1.93258
0.306883
1.00245
0.99005
1.92206
1.48797
2.49167
1.09162
2.04003
0.0825825
0.86614
1.33231
1.70161
1.08106
3.09876
1.62585
1.66156
0.481219
3.34124
1.19194
2.10023
1.66477
1.80969
-0.998706
-0.974673
2.88341
2.91756
1.92704
1.55424
3.01686
1.21444
1.43595
1.73011
1.60212
2.5628
2.11171
0.683719
1.97898
1.3583
1.95853
1.64639
2.20287
1.40066
0.129116
3.47919
3.09711
1.62836
2.54948
3.52073
1.1756
1.97681
2.11711
0.583692
1.97261
0.616793
2.65551
1.30702
0.818235
2.2268
1.64636
2.56324
2.34724
0.885082
2.7507
2.12373
-0.133934
1.22127
2.07723
-0.812512
0.166782
1.87558
0.569219
1.64963
1.48756
3.41684
2.39792
3.00865
-0.742956
0.782259
-0.00645909
-0.141117
1.86989
-1.04491
1.75945
1.98123
1.15752
1.21632
1.92693
0.872932
0.210383
1.05838
1.75695
0.771351
-1.24756
0.857351
0.424957
2.56767
2.2746
2.37038
2.04774
2.01918
1.34961
0.0831008
1.75379
1.57096
1.99821
0.341414
1.27735
-0.415504
1.16318
1.04282
1.83889
1.87881
-0.752787
3.05207
1.96622
2.29931
1.993
1.79284
2.72359
1.30576
0.780332
2.36809
0.742659
2.43332
1.01178
3.03095
0.706862
1.58055
0.226044
-0.0778155
1.06394
2.02469
1.14621
0.8453
3.48222
2.86999
3.55931
2.56303
1.6919
2.02415
2.70183
2.41541
1.58873
1.68333
1.02087
-0.113006
2.30927
1.64912
0.806558
1.59951
1.4702
1.17986
0.78532
1.40742
-0.139629
2.49922
1.42267
0.492674
1.93152
2.52716
2.08754
2.19394
0.537687
0.601532
2.51066
1.2131
2.55818
0.364951
1.16588
0.857988
0.764325
2.47669
2.58059
0.161214
-0.332747
0.899544
0.0968709
1.13763
1.22609
0.627645
0.637954
-0.0581475
2.97971
3.1488
1.96483
1.97687
0.327636
1.89602
0.223049
1.9517
2.31961
1.03634
3.13
1.65879
3.86946
0.630597
1.9276
1.54955
2.16175
4.04941
-0.297202
0.158569
2.01889
0.151838
3.46117
1.43477
0.947801
2.62824
-0.0192207
2.03052
0.431485
1.28238
1.73027
3.08417
0.7359
0.83701
0.474606
2.19971
1.92948
1.42401
1.35271
-0.13492
1.91297
1.57885
3.4431
3.78701
1.02042
2.05967
2.49595
1.36133
0.933752
1.32217
0.760585
1.12506
-0.117733
1.64454
1.14862
3.2966
1.54601
0.807388
1.5061
0.708478
1.70368
1.39008
1.25701
1.78633
1.68775
0.113465
1.76985
1.68738
0.326532
2.26116
2.49682
-0.393773
2.0269
1.04595
0.436491
0.651628
3.14346
1.80848
-0.81294
-0.399656
1.33956
-0.393221
0.278333
0.765792
1.48694
1.91094
1.93215
0.616424
1.47897
1.38476
1.12409
2.08188
2.25748
0.210363
3.42944
1.48918
2.58536
0.897485
0.449054
-0.337993
1.91729
0.327768
1.61799
1.91919
3.13103
1.08873
0.766725
-0.157331
2.77872
1.47121
1.62297
1.96779
1.70163
1.46632
0.576663
1.35768
1.31784
1.22808
1.86244
2.7452
1.54856
1.44679
0.718944
1.29916
1.63995
1.79223
2.53352
1.66093
2.02778
2.63861
1.72857
0.752832
2.66572
1.72652
0.491479
2.14236
0.412189
3.42234
2.0602
2.99253
1.07909
1.11733
2.00554
2.17498
0.734423
0.785554
1.59796
1.16328
2.49562
2.09097
1.67105
2.11805
0.017724
2.68699
2.26679
1.08134
1.25149
0.846179
2.14985
0.591417
1.02078
1.56033
2.49587
3.43602
0.48979
1.19364
0.302037
1.7443
3.17713
0.514636
1.69133
2.4711
-0.00501854
0.84964
-1.11882
2.64317
1.50949
3.39448
0.290545
2.38014
0.878874
2.93385
-0.0603978
2.38962
1.16129
1.33704
-0.493997
2.51493
0.911028
0.439358
1.47784
0.892145
2.81805
1.84744
2.08654
2.74806
0.217804
0.65221
1.2462
1.79045
2.08634
1.06639
0.932408
0.353625
1.06129
2.97444
2.21473
1.27477
2.58262
0.388475
0.853582
3.40253
2.73755
0.786007
2.2322
2.67392
2.36057
1.70233
0.832433
2.17682
1.15149
4.12598
0.17385
0.184223
3.49789
1.37169
2.6347
0.770084
1.77819
0.585471
1.5227
1.42598
1.86976
1.89672
1.10468
1.49974
1.99789
2.69008
1.49639
2.61821
0.708463
2.75852
3.29583
2.94647
-0.16073
1.53111
0.0384607
2.18834
1.23216
0.48075
1.6729
4.00197
1.23196
0.768894
2.31066
2.64151
1.64616
1.0918
1.22093
1.38987
1.5356
2.32504
1.73632
2.69379
0.0882741
0.694281
2.36525
2.36653
0.764569
1.15109
3.09955
0.483604
1.31821
1.64168
0.255673
0.666752
2.81024
2.95818
1.32823
1.56879
1.44101
1.47061
0.383692
2.33456
1.02038
1.47566
0.421739
2.31021
1.56977
0.645792
1.88208
1.49238
2.20846
2.67389
2.03798
0.304349
2.64086
0.964977
2.11654
1.84545
-0.0965012
1.9938
2.39826
0.0205083
1.30755
0.805467
1.77531
2.17412
-0.332032
2.45317
0.245684
2.0553
1.3202
1.87355
0.674439
0.861004
2.76776
1.86607
1.01803
2.81259
0.34462
0.517372
1.97602
3.1376
0.458011
1.3485
1.21506
0.835838
0.686169
-0.818805
0.462528
3.07432
0.995502
1.74058
3.1908
0.718754
0.439957
0.13373
0.0989841
0.13119
1.35675
1.40393
0.905748
1.38164
2.49268
1.30744
-1.0612
1.85305
-0.338613
3.23855
3.06309
-0.709441
1.55197
2.34847
2.32261
1.98919
2.09601
0.93762
0.654202
0.895623
3.09194
1.35723
2.1173
0.981187
-0.104928
1.24061
2.44993
0.553379
0.316258
2.51651
2.32237
0.471239
1.69597
1.72643
1.59958
3.40523
2.1116
0.128461
1.82636
2.33887
0.602792
2.43145
1.934
1.10903
3.69706
2.41488
0.157029
2.05537
0.249929
0.811113
2.0413
2.35052
0.060647
1.5614
2.8156
1.37053
3.57591
1.19794
2.03731
2.03724
1.90152
0.73885
2.24279
0.287046
2.16699
1.48895
2.37282
1.69967
1.01
0.458781
0.571002
0.263488
0.733927
0.920366
0.953894
0.588073
1.60574
0.416474
3.18522
2.17835
1.79426
-1.03178
0.763556
1.28384
1.13697
1.96673
-0.0485158
2.01369
1.93363
2.01698
1.80614
1.72504
0.424997
1.57129
-0.278115
1.01478
0.165905
0.693144
1.10468
1.25019
2.08632
2.2769
0.172856
1.36046
2.49172
0.45125
1.13443
0.938468
2.01688
0.291998
1.87617
1.32053
0.225488
2.14845
-0.144646
1.06515
1.40745
3.65131
1.50766
2.24774
1.89764
1.01348
2.02981
0.958554
1.29663
1.67774
1.13646
1.83364
0.900297
1.0063
1.46317
3.50072
0.919673
0.582973
0.941818
0.771051
2.09718
2.13087
1.35574
1.20024
0.355211
-1.05544
1.81762
2.10406
0.437995
0.100064
-0.0485599
1.01562
0.561155
3.78281
1.90498
0.241491
1.7436
2.85099
0.163187
1.54701
2.28201
2.16933
1.00382
1.2215
2.00735
3.64969
1.11336
2.88034
1.34974
0.626486
0.338091
0.421435
0.248331
0.00361395
2.43857
1.59121
1.45947
2.55976
1.00627
2.05483
2.1237
2.77852
0.133259
2.91447
1.44945
2.77716
2.08742
0.620222
2.98317
1.13985
2.45252
1.26891
1.18368
3.20392
1.8524
1.05473
2.23697
1.03372
1.47637
4.37705
0.707621
